,NAME,DP02_0008PE-%F-led HHs No H,DP02_0010PE-% Non-Fam HHs,DP02_0022PE-%Non Rel in Hs,DP02_0038E-per1000-F-U-RecentPreg,DP02_0046PE-%GPwParent&Gc1-2yrs,DP02_0048PE--%GPwParent&Gc>5yrs,DP02_0060PE-%NoSchDiploma,DP02_0063PE-%AssDeg,DP02_0079PE-% SameHouse_1YrAgo,DP02_0085PE-%LivAbroad1YrAgo,DP02_0088PE-%BornUS,DP02_0112PE-HomeLangNotEng,DP02_0134PE-%IrishAnc,DP03_0009PE-%Unemploy,"DP03_0027PE-%WorkingMgt,Bus,Sc,Arts",DP03_0028PE%WorkingService,DP03_0037PE-Retail,DP03_0040PE-%Fin&Ins,"DP03_0041PE-%ProfSc,Mgt,Admin",DP03_0050PE-%UnpaidFamilyWk,DP03_0052PE-Inc<10k,DP03_0054PE-Inc15-24k,DP03_0058PE-Inc75-99k,DP03_0061PE-Inc200k>,DP03_0066PE-%HHsWithSocSec,DP03_0072PE-%HH Inc with Cash public Ass,DP03_0074PE-%HH Inc with Food Stamps SNAP,DP03_0085PE-%Families Inc>200k,DP03_0097PE-%PHI-Priv,DP03_0098PE-%PHI-Pub,DP03_0099PE-No PHI,DP03_0119PE-% Fam <Pov,DP03_0121PE-%Fam with child U18&U5 <pov,DP03_0126PE-%F-Led Families with u18 <pov,DP04_0002PE-%Occ H U,DP04_0004E-%Ow Vac Rate,DP04_0005E-%Rn Vac Rate,DP04_0013PE-%20+HU,DP04_0017PE-%Built2014+,DP04_0029PE-%2rooms_only_HU,DP04_0039PE-Zero bedrooms,DP04_0046PE-%Owner Occup HU,DP04_0049E-Renter Ave Household size,DP04_0051PE-%moved since 2017+,DP04_0054PE-%moved 2000 to 2009,DP04_0082PE-%Value 50-99k,DP04_0083PE-%Value 100-149k,DP04_0084PE-%Value 150-199k,DP04_0087PE-%Value 500k-1m,DP05_0005PE-%under 5 yrs,DP05_0023PE-%62 yrs+,DP05_0058PE-% w & B or AM,DP05_0061PE-%White & Asian,DP05_0064PE-%White with others,crime,%DP03_0092E-Median Earning Workers,%DP03_0093E-Median Earnings Male FT Workers,%DP03_0094E-Median Earnings Female FT Workers,%DP04_0101E-Med Onwer Monthly Mortgage,%DP04_0134E-Median Gross Rent,%DP05_0070PE-%H&L race,%DP04_0045PE-%Occup HU,%DP02_0015E-Avg HH Size,%DP02_0016E-Avg Fam Size,Countyfp,Tractce,Statefp
2134,"Census Tract 4, Allegany County, Maryland",14.0,46.5,5.2,0.0,12.7,19.0,4.5,13.4,78.4,0.0,100.0,1.4,19.0,1.5,32.1,21.8,11.5,3.1,4.1,0.0,7.9,16.6,6.9,3.0,40.8,1.4,15.2,5.7,69.1,69.1,3.4,8.7,35.5,41.2,83.5,0.0,6.4,4.0,0.0,0.0,1.6,60.0,2.38,5.1,16.5,28.6,25.9,15.2,0.8,4.1,26.0,3.2,0.0,93.2,low,100.0,100.0,100.0,100.0,100.0,100.0,100.0,100.0,100.0,001,000400,24
2135,"Census Tract 7501.01, Anne Arundel County, Maryland",18.4,40.1,8.3,18.0,0.0,21.0,8.1,6.9,92.3,1.4,90.3,10.7,6.7,6.9,26.3,25.8,11.3,3.1,14.8,0.0,6.9,9.6,15.6,2.0,32.6,3.1,16.7,1.1,60.2,60.2,6.2,12.3,0.0,25.4,95.2,0.6,5.3,0.0,0.0,0.4,1.4,72.3,2.75,1.3,38.8,13.1,11.1,18.6,0.8,7.0,13.7,4.8,0.9,72.3,low,82.16613168494234,88.31531188249723,72.66692516479254,80.67226890756302,79.92115401845713,89.86774856420254,100.0,99.08925318761383,107.32081257186661,003,750101,24
2136,"Census Tract 7502.01, Anne Arundel County, Maryland",20.0,26.5,6.9,146.0,10.8,10.8,12.3,5.6,80.4,0.0,89.0,14.6,5.8,7.7,28.8,26.5,10.3,3.7,15.5,0.0,7.8,9.2,14.9,3.5,37.5,3.0,28.5,2.5,48.9,48.9,16.2,10.6,0.0,0.0,95.7,0.0,7.0,6.4,0.6,2.6,0.0,76.0,2.86,5.6,20.0,2.0,7.6,13.2,0.0,9.2,23.7,0.0,0.0,55.3,low,75.74517413140249,86.64955097332492,72.1085692128732,93.83278735222903,66.44565899112983,72.41688181674483,100.0,99.45355191256829,94.74894595630509,003,750201,24
2137,"Census Tract 7313.08, Anne Arundel County, Maryland",9.6,29.2,5.9,20.0,7.2,0.0,6.0,11.1,92.3,0.0,95.4,3.5,16.1,2.8,32.9,10.7,8.4,6.8,8.1,0.0,5.0,4.0,14.3,7.6,40.4,1.7,5.2,8.6,79.5,79.5,4.3,2.2,0.0,26.2,89.0,2.3,0.0,0.0,0.0,0.0,0.0,92.9,2.71,3.1,26.3,0.0,1.8,6.9,9.2,5.7,22.1,1.2,0.0,95.7,low,124.02239567856377,98.51476592935924,118.27013054155357,103.40407349380429,100.63614371472089,76.71637072553875,100.0,98.3606557377049,97.50862399386737,003,731308,24
2138,"Census Tract 7509, Anne Arundel County, Maryland",12.3,46.3,7.0,0.0,0.0,36.8,5.4,5.6,91.9,0.0,94.5,8.0,23.2,3.6,30.1,23.6,13.3,2.8,13.2,0.0,6.0,9.0,10.3,3.4,34.3,2.4,9.9,4.8,65.6,65.6,4.2,8.9,60.0,22.3,100.0,0.0,0.0,16.7,0.0,0.9,1.5,57.8,2.54,7.0,28.0,1.4,5.2,14.8,0.0,6.3,17.9,2.8,1.0,89.8,low,99.39067984359508,93.09104840909423,108.92490629442936,99.35906566016237,62.07329092375235,64.45018177986195,100.0,84.15300546448086,96.28210042161747,003,750900,24
2139,"Census Tract 7301, Anne Arundel County, Maryland",8.5,28.3,5.0,11.0,0.0,0.0,5.3,9.8,84.9,0.0,93.0,6.4,17.2,1.6,43.7,12.9,11.2,9.5,14.5,0.0,1.2,2.3,16.9,13.0,22.2,1.1,3.6,12.9,90.3,90.3,2.0,0.9,3.9,16.7,96.8,0.0,0.0,1.7,11.3,0.0,0.0,89.3,2.58,6.8,25.7,0.0,1.7,2.8,7.2,7.4,15.0,1.6,0.0,79.6,low,140.86093319250222,133.80057926835616,121.72366550342511,119.52713288705313,137.40704237971508,244.14352705622005,100.0,94.71766848816029,93.52242238405518,003,730100,24
2140,"Census Tract 7311.03, Anne Arundel County, Maryland",8.6,20.1,5.4,41.0,17.4,12.6,2.3,9.0,92.1,1.5,95.7,5.0,17.1,6.4,53.2,14.0,9.8,6.9,14.6,0.0,0.4,3.0,13.6,12.4,25.7,0.4,2.2,15.5,89.1,89.1,4.3,1.2,6.4,10.5,94.2,2.6,0.0,0.8,0.9,0.0,0.0,87.4,3.01,1.5,33.8,0.5,0.0,2.4,31.0,6.0,15.7,0.9,0.5,88.7,low,116.48106576597516,135.48133202571103,118.18120718624789,130.29482979632533,144.7898933787295,122.15606723220402,100.0,110.0182149362477,101.80145649674203,003,731103,24
2141,"Census Tract 7501.02, Anne Arundel County, Maryland",25.5,28.4,6.5,8.0,0.0,10.3,14.9,9.2,90.2,1.9,92.4,8.9,19.7,6.1,27.0,24.0,16.5,2.6,11.4,0.5,9.4,7.3,21.2,0.7,32.4,6.1,17.2,0.0,59.9,59.9,5.8,12.7,3.1,38.9,94.9,2.1,0.0,0.0,0.8,0.0,3.9,69.2,3.2,2.8,37.5,11.5,38.8,29.2,0.0,9.0,14.3,3.4,0.0,76.6,low,83.54541362276285,74.34624089817828,75.53522036965232,77.0830366044723,94.25678702625213,57.36867063596607,100.0,109.65391621129324,108.24070525105402,003,750102,24
2142,"Census Tract 7502.02, Anne Arundel County, Maryland",13.8,29.3,9.1,132.0,68.8,0.0,14.7,12.5,93.5,0.0,92.7,14.6,15.4,8.1,30.6,26.4,10.8,5.4,9.8,0.0,4.0,6.6,16.2,8.0,38.6,7.0,16.0,11.4,59.5,59.5,2.4,2.1,0.0,0.0,92.7,0.0,17.7,0.0,0.0,0.0,0.0,84.0,2.74,1.6,24.8,0.0,9.4,24.5,0.0,6.7,17.8,1.6,0.0,74.3,low,77.78820608025609,89.80117061347892,112.58937572702598,95.82680529839054,114.47002956724307,72.88055218926182,100.0,104.55373406193075,100.57493292449213,003,750202,24
2143,"Census Tract 4032.02, Baltimore County, Maryland",19.5,29.6,3.8,0.0,0.0,4.9,3.0,4.5,93.4,0.6,89.3,8.8,2.8,7.2,34.9,24.2,8.3,7.2,6.3,0.0,4.1,6.4,22.7,2.7,36.3,2.2,6.5,3.8,75.5,75.5,6.2,5.0,0.0,10.8,93.9,1.4,26.7,0.0,0.0,0.0,0.3,96.0,2.61,2.4,23.7,0.5,6.5,35.5,0.4,4.6,26.5,0.0,0.0,9.2,low,93.94386642614627,110.44839430139098,122.8897621620999,94.75076465239316,71.11705012007127,56.212183801909944,100.0,95.74231131671382,92.15767064963603,005,403202,24
2144,"Census Tract 4205, Baltimore County, Maryland",5.5,48.6,10.2,38.0,4.7,0.0,17.9,2.5,95.1,0.3,83.8,26.8,10.0,3.1,23.2,20.4,11.7,6.6,14.7,0.0,7.2,6.8,14.1,2.2,29.1,4.9,16.6,2.3,63.0,63.0,10.3,2.3,0.0,0.0,95.6,0.0,0.0,0.0,0.0,0.6,0.9,77.4,2.29,2.4,26.2,16.4,44.7,22.5,0.0,8.1,19.3,0.0,0.0,87.0,low,74.51759260946412,73.18032832005336,68.45581022113608,75.17015237937781,108.50763033542489,93.28603018005978,100.0,96.49618778377456,106.35901661859634,005,420500,24
2145,"Census Tract 4207.02, Baltimore County, Maryland",10.4,34.9,3.5,32.0,0.0,0.0,14.8,6.9,95.0,0.0,87.2,19.4,13.3,4.5,16.1,19.5,19.7,4.2,12.3,0.0,6.8,10.1,12.3,0.0,41.1,2.3,17.5,0.0,57.7,57.7,4.1,8.4,15.6,61.3,87.3,5.2,0.0,0.0,0.0,0.0,0.6,80.9,2.57,3.7,32.9,7.2,32.9,39.4,0.0,6.2,20.5,0.3,1.5,87.5,low,78.04765462242548,87.02205665095413,68.37978809793032,83.23275743297238,83.02540862963824,52.7908050445897,100.0,99.13475541848715,101.82667216041752,005,420702,24
2146,"Census Tract 4302, Baltimore County, Maryland",27.1,31.1,5.7,0.0,0.0,33.3,14.3,4.5,96.8,0.0,92.0,11.3,21.0,11.0,23.6,29.2,8.4,0.6,8.4,0.0,15.9,16.6,15.1,1.2,33.0,8.2,26.0,1.8,59.7,59.7,9.0,21.2,80.4,64.8,93.9,0.0,11.9,11.0,0.0,0.0,4.9,58.0,2.56,1.9,29.6,4.1,6.4,63.8,0.0,4.7,16.2,0.0,0.4,76.4,low,72.88496929720668,88.44399705663072,69.2181431788382,89.96169849273925,88.85467503292277,70.91342064977037,100.0,94.61149661612271,90.34473286636452,005,430200,24
2147,"Census Tract 4407.01, Baltimore County, Maryland",20.9,35.2,7.3,29.0,0.0,0.0,6.4,9.1,80.9,3.2,70.3,33.8,6.1,7.5,34.0,22.2,16.0,1.9,12.2,0.0,3.5,7.1,19.1,1.7,22.2,1.1,13.8,2.1,59.0,59.0,18.3,4.8,8.4,0.0,93.4,0.0,11.0,1.0,0.6,0.3,0.5,42.8,2.81,6.6,24.6,4.8,3.1,26.2,0.2,12.9,11.0,0.7,0.0,44.6,low,78.90769726013252,91.50891389187731,77.91634110896312,107.35995150312749,99.34735455883492,198.6270745753651,100.0,107.42739655615527,106.96332921302019,005,440701,24
2148,"Census Tract 4505.04, Baltimore County, Maryland",28.3,43.0,4.5,0.0,14.0,0.0,20.1,7.0,66.2,0.0,82.3,18.4,4.4,3.8,13.5,24.2,14.1,6.9,8.7,0.0,9.0,15.1,7.0,1.7,21.0,6.7,41.2,2.9,39.7,39.7,13.1,15.7,37.8,29.3,86.0,0.0,12.4,2.4,0.0,2.1,9.3,9.4,2.33,3.4,13.8,10.0,61.9,7.4,0.0,9.7,9.8,1.0,0.0,33.9,low,78.41693846686468,57.28487945219008,79.43044839614439,70.62357058223803,82.44248198930978,155.5123563288217,100.0,89.33436134669755,97.2943277022387,005,450504,24
2149,"Census Tract 4023.03, Baltimore County, Maryland",21.9,31.3,10.3,18.0,0.0,0.0,5.2,7.9,89.9,0.5,86.4,9.9,4.2,4.6,36.5,18.5,9.6,5.5,13.5,0.0,2.4,6.8,12.8,5.5,32.1,1.3,12.4,2.4,74.1,74.1,7.6,4.8,20.1,8.4,96.3,0.0,5.7,1.6,0.0,0.8,0.8,65.1,2.79,2.3,21.3,3.3,16.8,27.8,0.0,6.4,24.4,0.5,0.0,9.3,low,81.49025467223022,84.48971480241137,93.04896707819721,85.83946432999919,94.76721667053994,189.859791509732,100.0,101.019446586139,92.15767064963603,005,402303,24
2150,"Census Tract 4304, Baltimore County, Maryland",9.9,28.9,6.8,57.0,63.9,10.9,5.4,5.8,94.5,0.6,93.6,8.2,22.3,3.5,39.2,14.7,7.2,5.0,12.5,0.0,1.8,4.7,24.1,4.0,26.1,0.9,10.0,5.7,78.2,78.2,3.9,6.6,15.4,27.4,92.0,0.0,6.2,0.5,0.0,0.4,0.8,80.7,2.73,2.9,21.1,1.6,6.3,17.5,0.0,5.9,17.4,0.4,1.0,87.4,low,97.41319096469331,97.47514609586673,108.09501229600251,103.66206497478714,101.51251065148345,114.61618837022817,100.0,101.019446586139,93.97060843290757,005,430400,24
2151,"Census Tract 4006, Baltimore County, Maryland",12.5,43.1,11.6,0.0,0.0,15.7,2.6,6.4,89.5,1.3,91.3,10.3,13.8,3.0,48.6,11.1,5.5,6.5,17.8,0.4,3.8,4.4,18.3,6.7,22.8,0.0,6.3,10.1,78.4,78.4,5.9,2.7,0.0,11.5,93.4,0.0,10.6,8.3,0.0,0.9,1.4,68.7,2.68,8.7,20.8,1.0,0.9,39.1,1.5,7.3,14.0,0.4,1.2,68.5,low,134.92951416094218,118.8042521810156,133.74192024972115,98.44865118073352,90.35362925091022,81.49831118022988,100.0,94.98843484965307,95.48138991896718,005,400600,24
2152,"Census Tract 4023.02, Baltimore County, Maryland",23.0,25.9,3.1,30.0,17.1,3.4,2.1,8.8,84.6,0.2,82.7,14.4,1.1,5.4,37.8,23.4,9.0,10.7,10.4,0.3,3.9,6.3,16.4,9.9,30.3,3.6,14.4,12.1,68.0,68.0,5.5,5.3,0.0,0.0,94.9,0.0,6.4,0.4,0.0,0.0,0.0,66.0,2.98,5.4,26.7,2.1,5.3,21.3,2.7,7.7,18.3,0.3,0.0,10.5,low,97.7994813019685,85.33034786965959,98.35362189744309,127.91050122619933,106.34247424277636,148.40230359876557,100.0,113.0814700591108,107.86979810465596,005,402302,24
2153,"Census Tract 4402, Baltimore County, Maryland",9.3,42.2,7.7,39.0,0.0,100.0,5.2,5.6,83.3,0.0,84.8,16.4,17.9,7.3,41.2,21.8,15.8,7.8,11.2,0.0,2.5,9.7,13.8,0.7,37.7,1.9,11.2,1.3,78.1,78.1,2.9,5.8,62.2,0.0,91.8,3.2,5.0,8.2,0.0,0.8,0.0,61.4,2.42,3.2,24.5,1.4,3.3,44.3,0.0,3.2,27.7,0.6,2.6,67.8,low,115.81421621326142,90.47683229999701,106.97579770436225,98.56989336199058,107.67487799209854,64.52506500133649,100.0,84.05722607727238,85.81238840818568,005,440200,24
2154,"Census Tract 4409, Baltimore County, Maryland",18.6,35.7,6.6,58.0,0.0,0.0,10.0,8.7,92.8,0.6,76.5,25.1,4.3,5.5,39.1,17.3,5.0,5.9,7.6,0.0,2.1,7.8,23.9,0.7,26.8,2.3,8.9,0.0,67.7,67.7,7.6,4.2,14.1,10.4,98.4,0.0,2.9,1.6,3.5,0.3,0.8,46.5,3.08,3.8,28.5,0.0,7.8,24.7,0.0,8.6,14.5,1.6,0.3,38.2,low,100.00789587167387,89.4638955605799,95.50279227722734,106.81436168747074,93.93446432721358,104.35205209826745,100.0,101.019446586139,100.61804697156984,005,440900,24
2155,"Census Tract 4411.02, Baltimore County, Maryland",11.9,34.3,5.4,0.0,10.1,0.0,7.6,7.2,86.9,0.0,87.1,16.6,12.1,8.0,33.0,17.4,17.6,11.0,11.7,0.0,5.3,7.0,18.9,5.0,45.3,2.1,8.2,7.6,69.9,69.9,3.7,5.2,0.0,36.5,96.3,0.5,7.9,4.9,0.0,0.4,0.6,85.6,2.56,3.3,26.8,1.0,10.0,30.8,3.6,5.9,27.6,3.7,0.0,70.4,low,102.06082250687851,87.05338459134848,101.03973691737971,93.53834283982255,81.44317917731814,130.52025368745902,100.0,102.90413775379083,102.73314105205328,005,441102,24
2156,"Census Tract 4906.03, Baltimore County, Maryland",6.0,39.8,3.1,0.0,0.0,0.0,3.1,4.8,87.0,1.0,85.3,16.1,13.6,2.3,75.3,5.7,8.6,11.6,12.2,0.0,7.0,4.0,15.3,21.7,30.9,1.9,0.0,31.5,91.1,91.1,1.1,1.1,0.0,20.0,93.5,0.0,7.7,11.3,0.0,1.9,8.6,75.7,2.54,8.1,22.6,0.7,0.6,0.0,20.4,7.5,22.8,0.8,0.0,89.3,low,154.33635198581172,139.546829604337,145.93502412166612,129.91099721694084,114.83654814470523,60.729472942434334,100.0,88.5804848796368,94.5749210273314,005,490603,24
2157,"Census Tract 4907.03, Baltimore County, Maryland",5.6,49.8,6.6,134.0,0.0,42.1,0.0,7.2,81.9,0.4,84.4,13.4,21.3,4.0,69.2,7.7,2.6,16.7,17.1,0.0,4.3,0.7,13.0,13.9,23.7,3.6,5.6,26.4,90.0,90.0,1.8,5.4,46.5,35.1,95.4,0.0,6.1,39.5,0.7,4.3,7.8,45.0,2.7,9.7,17.3,3.1,8.4,5.0,26.5,4.1,21.4,1.3,0.3,73.8,low,156.25322667832825,150.59689035787517,130.28502536950398,140.7621724394478,141.90099930281198,85.93541175612957,100.0,84.05722607727238,95.48138991896718,005,490703,24
2158,"Census Tract 4501, Baltimore County, Maryland",9.7,38.5,6.9,55.0,34.8,29.9,12.5,9.0,90.8,0.7,95.8,2.9,29.9,5.4,28.3,14.4,9.9,4.9,16.7,0.0,7.7,14.8,3.8,0.7,50.1,3.3,9.2,0.0,70.4,70.4,4.4,4.4,41.5,44.0,92.6,3.1,0.0,15.0,0.0,1.3,5.3,74.9,2.94,0.0,21.7,4.4,17.4,30.1,0.9,3.0,26.6,1.2,0.0,94.3,low,98.54290798880001,96.39085126999585,94.72567724001298,72.92717202612218,58.20938879851266,102.8017398488567,100.0,98.75781718495678,100.92020326878175,005,450100,24
2159,"Census Tract 4002, Baltimore County, Maryland",14.5,41.0,10.2,63.0,50.0,0.0,4.0,6.1,81.1,0.4,79.7,14.5,13.3,3.9,57.2,13.0,9.3,10.0,13.0,0.0,5.6,5.0,17.7,4.4,12.5,3.1,4.8,4.2,82.8,82.8,11.5,5.0,0.0,0.0,92.3,0.0,0.0,0.9,0.0,2.6,0.0,58.8,2.65,11.3,25.6,0.0,1.4,34.3,3.2,3.3,12.8,0.5,0.3,74.7,low,111.10827669563845,107.35563040801608,125.52941921785524,89.90107740211072,94.51739096754203,65.27349160450028,100.0,87.07273194551533,85.51023211097377,005,400200,24
2160,"Census Tract 4911, Baltimore County, Maryland",11.8,20.7,3.1,0.0,0.0,0.0,0.5,7.5,90.9,0.0,79.2,19.7,11.4,4.4,62.0,12.0,5.4,10.7,12.3,0.0,4.1,6.9,10.1,14.8,17.3,0.7,6.3,16.4,79.3,79.3,3.0,4.2,24.3,29.6,93.7,0.0,15.2,4.9,0.0,0.0,1.8,70.0,2.87,4.2,34.1,0.0,2.3,8.9,7.7,6.2,10.8,0.5,1.1,64.9,low,136.42122653255834,125.17774761013148,134.38177312003626,119.9085172632333,89.02122550158805,103.14922362889705,100.0,105.91964362203379,95.78354621617909,005,491100,24
2161,"Census Tract 4001, Baltimore County, Maryland",4.2,60.4,4.3,0.0,21.8,0.0,4.2,4.5,87.8,0.8,89.7,12.3,13.9,4.5,52.0,14.5,5.9,12.6,4.2,0.0,3.2,17.6,13.6,4.6,70.9,0.0,4.0,11.5,72.7,72.7,2.4,8.4,0.0,100.0,94.2,0.0,0.0,62.6,1.4,12.0,4.9,50.9,2.23,4.7,36.9,0.0,10.1,9.4,1.7,9.3,49.6,0.0,0.0,72.0,low,99.87184392898575,100.67581733948883,85.18912422898018,106.87498277809925,171.04733131923464,121.94007727261682,100.0,73.50295553842201,96.08570251339103,005,400100,24
2162,"Census Tract 4204.02, Baltimore County, Maryland",12.6,28.6,4.1,10.0,0.0,15.8,12.1,5.4,93.1,0.0,95.8,4.0,20.8,8.7,34.2,13.4,10.8,5.8,10.1,0.0,6.8,5.8,10.8,1.4,30.2,2.5,16.4,1.9,67.2,67.2,5.8,5.2,0.0,0.0,90.4,0.0,8.0,0.0,0.0,0.7,0.0,82.6,2.53,0.4,25.4,6.5,33.4,27.7,0.0,4.4,18.4,1.2,0.4,88.4,low,101.08416391829596,87.91838383445895,95.11212303297556,82.38406216417295,116.41877759702533,51.10684518747115,100.0,99.51169365201751,94.87707732454334,005,420402,24
2163,"Census Tract 4038.02, Baltimore County, Maryland",5.5,17.6,1.4,0.0,,,0.9,1.7,93.4,0.0,94.1,6.4,3.3,2.4,71.1,4.5,2.7,17.8,21.5,0.0,4.6,0.0,11.1,39.7,39.4,0.0,0.9,45.2,91.4,91.4,2.3,3.4,0.0,0.0,92.5,3.2,0.0,0.0,2.7,0.0,0.0,93.2,2.7,1.0,32.9,0.0,2.7,0.0,44.6,4.8,32.5,0.4,0.0,92.7,low,207.0127487958796,216.21152107269458,142.5414810107871,198.53407180843737,208.85428770625145,76.0722183072923,100.0,100.26557011907826,89.74042027194066,005,403802,24
2164,"Census Tract 4036.02, Baltimore County, Maryland",15.6,37.0,3.5,0.0,0.0,0.0,0.7,10.1,85.1,0.0,75.7,32.2,1.9,7.1,61.7,8.4,7.6,11.7,13.6,0.0,4.2,6.4,20.6,12.8,16.9,0.0,3.9,19.0,89.0,89.0,0.7,5.6,33.3,0.0,93.7,0.0,4.3,0.0,0.7,0.9,0.0,56.2,2.89,2.9,31.7,0.6,0.8,7.1,23.4,9.1,11.0,0.4,3.5,65.1,low,128.17064800811454,143.28355671692898,135.22223992658874,118.15050563500593,122.99752110930358,154.14915073020194,100.0,98.00394071789604,102.43098475484138,005,403602,24
2165,"Census Tract 4916, Baltimore County, Maryland",19.6,43.5,9.9,90.0,0.0,0.0,8.0,12.3,86.7,0.2,94.0,7.8,15.0,1.6,28.9,21.6,17.3,8.3,9.0,0.0,2.2,10.9,13.5,1.9,26.8,4.6,20.3,3.4,66.8,66.8,6.5,8.1,0.0,32.0,93.0,0.0,12.1,1.1,0.0,0.6,2.2,58.4,2.47,4.6,26.8,4.8,33.9,48.5,0.6,6.8,20.8,0.0,0.3,68.1,low,89.03141949551454,90.38458891994699,92.43656664126198,76.38257419194842,117.00170423735379,88.50144582411976,100.0,103.28107598732122,108.77626699629172,005,491600,24
2166,"Census Tract 4309, Baltimore County, Maryland",11.9,50.8,13.5,0.0,17.2,0.0,16.1,7.7,67.1,10.4,65.4,32.1,12.8,5.1,38.0,20.4,17.5,4.0,10.8,0.0,2.7,9.6,5.2,0.8,19.9,6.1,22.9,1.6,59.4,59.4,6.6,17.6,41.5,0.0,84.9,8.9,15.1,2.6,0.0,0.0,2.2,31.5,2.77,6.8,16.6,0.5,3.8,13.9,0.0,10.0,12.9,3.8,4.8,50.6,low,65.21018203021082,64.64868588599381,75.37593515850422,88.38555013639746,80.11077542799597,129.6916385196705,100.0,98.3808789514264,107.56764180744402,005,430900,24
2167,"Census Tract 4523, Baltimore County, Maryland",20.8,31.6,8.2,0.0,0.0,0.0,18.8,3.9,83.2,0.0,75.9,27.4,9.6,6.8,11.6,23.9,21.8,1.3,12.4,0.0,1.1,13.8,10.4,6.4,35.2,7.6,26.4,9.4,42.3,42.3,24.4,11.9,0.0,9.7,87.6,2.1,0.0,1.4,0.0,1.4,0.0,57.1,2.41,1.4,34.9,52.9,31.0,10.6,0.0,3.0,15.1,1.1,0.0,85.4,low,73.60167149529589,67.27153067345358,47.91927832735971,66.25885205698383,97.43202416918429,81.63195878793769,100.0,110.06596419086785,104.5460788353248,005,452300,24
2168,"Census Tract 4024.04, Baltimore County, Maryland",30.5,35.5,6.5,20.0,0.0,59.2,7.7,3.9,86.4,0.8,85.5,17.3,2.0,3.9,26.1,25.9,17.2,7.5,9.4,0.0,9.6,10.5,17.3,3.0,30.1,4.0,26.6,3.4,57.9,57.9,5.0,12.3,0.0,26.6,93.4,0.0,6.1,8.1,0.0,3.8,0.2,42.8,2.48,5.4,26.7,1.9,27.9,24.2,0.0,4.9,18.9,0.5,0.0,11.3,low,87.42552067199941,72.27877981314948,103.19158534923143,84.26331597365738,93.01843674955457,143.48407163511774,100.0,92.72680544847086,90.94904546078834,005,402404,24
2169,"Census Tract 4211.02, Baltimore County, Maryland",17.7,34.7,9.3,0.0,7.2,0.0,9.0,6.9,94.6,0.9,92.1,2.9,16.4,5.7,34.0,16.5,12.1,5.3,7.2,0.0,5.1,9.0,16.9,1.3,41.0,0.9,12.3,1.1,62.8,62.8,4.0,12.7,15.6,39.1,91.5,4.8,0.0,4.6,3.6,0.7,0.0,77.3,2.61,2.5,25.7,15.7,35.1,29.2,0.0,4.5,22.3,0.8,0.3,89.7,low,90.41137491420832,95.04897115643813,91.44616731394258,76.44319528257695,108.25780463242698,69.41656744344277,100.0,99.88863188554788,95.17923362175526,005,421102,24
2170,"Census Tract 4308, Baltimore County, Maryland",11.9,37.7,6.9,78.0,0.0,0.0,4.5,7.0,84.0,1.6,88.9,12.3,21.0,5.3,46.8,10.7,4.3,13.2,11.6,0.0,4.1,3.3,9.1,4.5,31.7,1.2,3.0,6.1,82.6,82.6,3.6,1.7,0.0,0.0,94.2,0.0,0.0,1.5,0.0,0.0,0.4,79.6,2.56,3.4,23.8,0.5,2.7,31.7,0.5,7.1,19.1,2.6,5.7,90.4,low,116.84675327830519,101.54255702373234,114.70260183796921,99.23672535890442,92.35223487489348,92.91181687847788,100.0,94.23455838259234,94.5749210273314,005,430800,24
2171,"Census Tract 4518.02, Baltimore County, Maryland",8.6,37.2,5.5,0.0,0.0,11.3,8.3,8.8,88.4,0.0,93.3,5.5,23.3,6.5,37.6,9.8,14.5,7.0,13.5,0.0,4.8,10.1,15.9,11.7,39.4,4.5,9.0,15.3,69.9,69.9,4.1,6.4,52.6,57.0,95.3,0.0,0.0,0.0,1.5,0.5,2.0,79.5,2.27,5.1,35.6,13.7,3.5,1.3,27.2,4.0,33.2,0.9,0.7,93.5,low,103.1735330381492,99.2051445820877,107.95563840345864,141.7321098895043,77.27941746068635,104.56588827059996,100.0,86.69579371198495,86.41670100260953,005,451802,24
2172,"Census Tract 4034.02, Baltimore County, Maryland",19.3,40.9,12.9,0.0,0.0,0.0,3.7,5.7,85.0,0.0,87.9,20.6,5.0,8.7,36.1,23.7,13.6,6.3,12.2,0.0,8.7,7.4,8.9,4.4,38.4,4.5,21.3,6.7,65.4,65.4,2.7,13.7,22.9,5.9,98.1,3.1,0.0,34.6,0.0,0.8,0.0,59.0,2.7,2.5,21.9,18.6,19.0,20.4,1.2,5.8,25.3,0.2,0.6,51.3,low,80.89988642092284,91.51239477414336,87.16992288361897,84.0814527017718,78.86164691300642,150.2733701066751,100.0,97.62700248436566,94.27276473011949,005,403402,24
2173,"Census Tract 4925, Baltimore County, Maryland",0.0,25.0,5.1,0.0,0.0,0.0,8.0,1.9,73.2,0.7,89.9,14.1,6.1,7.5,29.8,30.4,8.4,3.3,3.1,0.0,0.0,0.0,50.0,25.0,0.0,0.0,25.0,33.3,84.8,84.8,9.5,0.0,,,100.0,0.0,,0.0,0.0,0.0,0.0,100.0,4.88,0.0,0.0,0.0,0.0,0.0,25.0,0.3,2.5,1.2,1.1,67.0,low,8.80693379007914,,27.277160151353137,121.24218125706099,,77.97001433674338,100.0,183.94585796282027,176.1571212745502,005,492500,24
2174,"Census Tract 4012, Baltimore County, Maryland",18.2,29.5,6.4,56.0,0.0,21.7,6.2,6.3,92.3,0.0,89.7,9.7,4.1,6.8,40.8,18.9,8.3,4.0,9.9,0.0,6.4,6.1,14.3,4.8,25.5,0.9,10.1,5.2,73.6,73.6,5.4,10.7,32.3,51.1,89.1,8.4,13.8,1.1,1.1,0.0,0.0,88.9,2.71,3.0,28.9,2.8,9.8,38.9,2.6,4.9,19.5,0.6,0.0,21.2,low,101.0064199510456,110.1020465159202,113.65518591824551,82.20219889228734,93.68463862421567,81.81906543872866,100.0,102.52719952026048,96.08570251339103,005,401200,24
2175,"Census Tract 4013.02, Baltimore County, Maryland",23.1,48.0,5.7,79.0,0.0,18.2,4.5,10.1,89.9,0.0,89.5,8.3,1.5,5.9,34.2,28.4,4.6,5.4,10.3,0.0,8.5,7.8,9.4,3.4,27.3,1.6,12.2,6.6,77.4,77.4,4.6,1.8,0.0,0.0,93.3,0.0,13.0,12.4,0.0,2.5,0.0,56.4,2.47,2.6,37.7,7.9,36.9,26.6,0.0,5.5,18.5,1.5,0.0,12.3,low,97.73874382755416,102.30835112226073,97.30831770336398,87.17312832382686,81.02680300565497,73.3725366315943,100.0,80.28784374196867,88.8339513803049,005,401302,24
2176,"Census Tract 4210, Baltimore County, Maryland",11.5,56.8,6.9,0.0,43.5,0.0,16.8,4.1,88.2,0.0,94.2,11.5,18.9,9.2,13.0,20.2,11.7,5.7,8.5,0.0,20.0,18.2,8.5,0.0,47.1,2.4,35.4,0.0,52.2,52.2,4.5,11.2,0.0,28.8,90.9,1.4,7.2,30.7,0.0,0.5,6.2,32.9,2.43,9.3,29.9,40.2,27.6,15.4,0.0,3.6,25.6,0.3,0.4,86.1,low,75.70561760900858,72.13606364024191,79.62895060673718,71.47226585103745,66.78673793477418,48.48735207639783,100.0,78.78009080784719,96.08570251339103,005,421000,24
2177,"Census Tract 4301.01, Baltimore County, Maryland",20.1,25.7,8.8,112.0,4.2,14.6,15.5,4.0,80.0,3.3,71.3,41.4,6.6,6.6,19.3,33.0,10.5,6.3,17.4,0.0,6.4,12.1,6.0,6.5,15.1,7.1,19.3,8.1,42.5,42.5,16.7,16.7,11.9,31.7,89.2,0.0,11.0,3.1,1.1,0.8,0.0,21.0,3.23,6.3,20.1,13.7,42.2,26.5,0.0,12.7,7.1,2.6,1.0,49.7,low,59.68550135748255,71.02740263850876,68.01023611012458,79.41362872337494,93.1017119838872,133.21993536315702,100.0,126.27430823267373,113.61076775168246,005,430101,24
2178,"Census Tract 4404, Baltimore County, Maryland",16.5,31.7,4.6,17.0,0.0,45.0,2.9,7.1,93.7,0.0,88.3,18.1,9.7,3.2,38.2,18.4,11.2,7.1,15.3,0.0,1.0,4.9,20.1,2.9,35.4,2.8,6.6,4.2,73.4,73.4,7.2,4.4,21.2,34.5,94.8,0.0,9.3,0.0,0.0,0.0,0.6,77.9,2.86,3.6,37.3,6.8,15.0,32.5,1.0,4.8,22.0,1.4,0.0,62.9,low,105.18029919279897,98.2200549007989,103.45132760351777,94.38703810862198,91.85258346889766,143.32369450586836,100.0,105.5427053885034,104.2439225381129,005,440400,24
2179,"Census Tract 4007.02, Baltimore County, Maryland",15.5,36.2,5.5,0.0,0.0,22.2,2.5,8.1,91.3,0.5,95.7,6.6,17.1,1.9,49.8,12.5,11.5,3.9,5.6,0.9,0.5,7.7,12.7,5.4,19.9,1.0,3.1,4.6,81.7,81.7,6.0,7.7,0.0,60.0,89.9,0.0,11.3,0.0,0.0,0.0,0.0,80.8,3.16,3.4,30.3,1.6,10.3,21.2,0.0,9.8,14.6,4.6,1.4,76.1,low,116.4483154461471,123.1362101611001,117.68435844815042,96.56939737124908,99.43062979316755,53.51250212621195,100.0,115.7200376938234,119.95604999313281,005,400702,24
2180,"Census Tract 4023.07, Baltimore County, Maryland",35.5,35.9,8.2,18.0,16.3,10.8,4.0,9.3,78.5,0.3,76.0,7.6,0.0,3.8,40.9,22.9,13.0,3.6,8.9,0.6,5.0,9.9,11.6,0.8,21.0,7.9,12.3,1.2,71.9,71.9,1.7,8.6,0.0,18.6,90.6,0.0,12.9,5.3,2.8,1.5,2.3,29.4,2.73,7.8,13.7,1.9,11.1,35.0,0.0,7.4,12.5,0.0,0.0,7.6,low,86.23749567245494,73.6311025735053,93.94645047715402,90.38604612713897,116.66860330002325,167.35353437173475,100.0,96.87312601730493,94.27276473011949,005,402307,24
2181,"Census Tract 4921.02, Baltimore County, Maryland",11.0,39.5,7.8,89.0,0.0,39.1,8.6,6.1,90.2,0.0,85.9,17.6,11.9,6.3,31.9,7.8,18.1,6.9,7.7,0.0,1.7,3.9,16.8,3.0,27.3,0.5,6.5,4.9,68.8,68.8,8.8,0.8,0.0,0.0,91.0,1.8,20.0,0.0,0.0,0.0,0.0,92.5,2.73,2.5,34.3,2.3,5.9,28.3,0.5,5.2,16.0,0.2,0.0,84.6,low,114.91773109090578,91.06162052069142,114.53999896333468,105.29883442175748,73.53203191571771,57.17444657740627,100.0,100.26557011907826,102.73314105205328,005,492102,24
2182,"Census Tract 4024.03, Baltimore County, Maryland",20.3,38.0,3.0,0.0,25.3,13.3,7.6,8.1,95.2,0.3,91.1,5.0,1.1,5.3,31.5,22.2,9.7,5.1,15.2,0.0,9.6,6.1,19.2,2.1,40.5,3.2,11.3,2.5,76.4,76.4,4.0,6.1,0.0,28.4,94.4,0.0,0.0,0.0,0.0,0.0,0.0,92.6,2.47,0.0,31.0,3.6,25.8,39.4,1.2,0.6,30.5,0.3,0.0,6.5,low,87.01250584598192,81.27163914745908,128.58930967688678,92.68964757102313,74.94771089937254,54.36784681554201,100.0,90.84211428081902,95.48138991896718,005,402403,24
2183,"Census Tract 4025.04, Baltimore County, Maryland",12.3,24.8,2.1,0.0,0.0,32.5,2.8,7.2,91.5,0.4,87.0,12.3,1.7,4.1,45.2,15.7,11.6,5.1,12.5,0.0,2.8,4.3,16.4,9.6,36.6,1.4,9.5,12.8,79.7,79.7,1.1,7.3,0.0,31.8,95.0,5.6,0.0,3.5,3.6,0.0,0.0,88.8,3.07,3.4,32.4,0.0,0.8,11.5,15.7,6.2,24.1,1.0,2.1,11.4,low,107.80901708545154,113.62992069254987,107.54385190276079,125.24317323854399,98.01495080951274,122.84888100503002,100.0,113.83534652617155,108.77626699629172,005,402504,24
2184,"Census Tract 4406, Baltimore County, Maryland",5.5,19.2,5.1,0.0,22.6,11.3,6.4,5.6,95.5,0.0,80.5,18.9,16.2,4.1,41.0,20.0,5.7,10.8,10.4,0.0,1.0,1.6,11.8,13.6,35.3,0.5,1.4,15.1,86.1,86.1,1.8,2.6,0.0,0.0,97.9,1.5,0.0,0.0,4.1,0.0,0.0,93.8,2.97,1.0,47.6,0.0,0.0,5.6,7.3,5.6,20.8,0.8,0.4,69.9,low,123.09785414502895,125.3900814283598,109.51198020353196,143.61136369898875,111.5055387713998,60.381989162394,100.0,111.57371712498933,97.89864029666255,005,440600,24
2185,"Census Tract 4906.02, Baltimore County, Maryland",10.7,37.0,4.3,25.0,0.0,0.0,0.0,4.3,85.7,0.3,90.7,11.0,24.7,3.2,68.9,11.7,7.0,11.8,16.9,0.0,4.4,5.2,12.6,10.8,13.9,0.0,0.0,14.4,93.8,93.8,2.5,6.9,5.9,8.7,91.4,0.0,9.1,0.5,0.0,1.8,0.7,59.8,2.72,7.5,29.3,0.0,0.7,0.0,3.8,8.8,10.3,0.0,2.7,90.5,low,133.11953742339486,142.37852732775906,122.21612168147115,119.30230635694801,111.58881400573244,78.82535902607344,100.0,89.71129958022792,91.55335805521219,005,490602,24
2186,"Census Tract 4013.01, Baltimore County, Maryland",28.5,34.6,6.9,81.0,8.9,5.7,12.2,6.9,93.5,0.0,85.1,10.9,2.6,13.9,26.7,31.1,6.6,4.0,19.9,0.6,4.0,3.5,11.3,1.7,28.2,7.5,11.1,2.6,56.8,56.8,8.5,8.5,0.0,9.6,92.8,3.2,9.7,0.0,0.0,0.0,0.6,71.0,2.75,0.0,31.5,2.2,31.4,45.2,1.1,4.3,18.9,0.5,0.0,11.8,low,77.59819731175939,85.67495521399736,84.46902578417013,78.98928108897523,116.41877759702533,104.59261779214152,100.0,104.41189068791232,103.03529734926522,005,401301,24
2187,"Census Tract 8602, Calvert County, Maryland",11.3,13.9,3.0,0.0,0.0,0.0,1.6,7.5,88.8,0.0,95.2,3.7,16.2,5.6,47.2,16.1,5.4,4.7,17.0,0.0,1.2,0.0,6.9,28.1,25.3,0.0,2.9,30.9,92.6,92.6,1.8,0.9,0.0,9.2,95.3,1.3,21.5,0.0,4.1,0.0,0.0,95.3,2.96,1.8,30.2,0.5,0.0,1.6,48.1,2.3,17.5,0.9,0.0,82.4,low,100.0,100.0,100.0,100.0,100.0,100.0,100.0,100.0,100.0,009,860200,24
2188,"Census Tract 7009.01, Montgomery County, Maryland",11.8,58.1,6.5,0.0,0.0,0.0,4.2,6.7,82.2,2.5,51.7,42.6,5.3,3.7,61.8,10.2,9.0,5.4,27.3,0.0,13.1,4.5,11.8,9.8,24.2,3.1,15.8,19.5,80.8,80.8,4.5,5.8,0.0,0.0,91.8,3.3,9.1,67.9,2.6,9.7,4.9,37.0,2.03,5.0,24.8,0.0,0.9,7.8,19.8,8.9,23.1,0.6,3.9,55.5,low,94.49838187702265,96.04685212298682,106.06905814945458,104.47368421052632,100.0,120.13517319065052,100.0,86.44859813084112,96.81978798586573,031,700901,24
2189,"Census Tract 7035.02, Montgomery County, Maryland",8.7,31.7,4.8,106.0,0.0,0.0,0.3,2.4,88.5,0.0,73.2,27.5,14.8,8.4,65.0,9.2,4.5,4.2,27.0,0.0,4.7,1.2,11.5,18.6,27.2,1.4,13.1,20.4,71.3,71.3,6.0,5.3,0.0,0.0,96.6,2.1,0.0,5.9,0.0,0.0,0.6,75.9,2.28,3.3,23.3,0.0,1.1,0.7,31.1,8.1,23.8,0.0,1.4,63.3,low,105.50161812297733,103.95314787701318,93.93094185054544,95.52631578947368,,79.86482680934948,100.0,113.55140186915888,103.18021201413427,031,703502,24
2190,"Census Tract 1102, Baltimore city, Maryland",1.7,84.6,14.1,0.0,,,6.5,5.2,66.3,3.1,82.1,17.4,12.7,3.7,72.2,8.1,5.5,5.6,15.2,0.4,16.3,9.9,9.7,7.1,20.8,3.8,13.2,29.3,79.7,79.7,3.5,5.2,0.0,,88.1,8.3,4.4,56.3,2.1,18.1,15.1,14.0,2.0,11.7,16.5,2.9,8.8,16.9,21.1,0.4,18.8,3.4,1.4,68.0,high,128.3543298030492,123.33134783219346,107.35662776174199,143.9373849645289,102.3057371096587,184.7232796486091,100.0,57.760549872122766,78.59128547430385,510,110200,24
2191,"Census Tract 203, Baltimore city, Maryland",4.7,69.1,17.2,0.0,,,3.4,3.7,71.4,1.8,81.7,12.8,12.2,1.9,77.5,7.3,3.8,7.7,18.9,0.6,6.4,5.1,8.4,27.3,9.5,2.4,5.6,52.2,88.3,88.3,2.6,4.7,0.0,0.0,84.1,0.0,16.2,43.3,3.7,8.1,3.3,37.0,2.13,11.3,17.8,0.0,0.0,5.8,16.6,4.6,11.7,0.5,4.3,88.0,high,205.00208674125037,181.61983443096753,151.37270943854776,154.6148210360787,187.00072621641252,125.51211973320319,100.0,71.60725703324809,76.8251891715105,510,020300,24
2192,"Census Tract 1504, Baltimore city, Maryland",30.4,46.3,9.4,19.0,0.0,21.6,20.3,2.3,89.6,0.3,95.3,5.0,0.0,11.9,20.9,38.4,15.5,8.1,8.7,0.0,13.0,18.0,7.0,0.0,37.6,8.2,37.4,0.0,42.6,42.6,11.3,21.2,100.0,32.0,68.5,0.0,6.5,5.2,0.0,0.0,2.4,32.8,2.69,2.0,10.2,45.8,8.0,8.5,0.0,1.9,17.4,0.5,0.0,3.3,high,57.08004545850517,66.24368305356641,63.66171578834855,80.91277854219904,84.96732026143792,128.9437123800228,100.0,106.81745524296677,108.61492262179071,510,150400,24
2193,"Census Tract 102, Baltimore city, Maryland",2.1,59.3,17.9,27.0,0.0,0.0,3.3,1.8,80.4,0.2,91.7,8.9,25.2,1.4,73.8,3.3,3.7,13.1,16.0,0.0,2.9,1.6,14.4,8.1,12.8,0.0,2.1,13.4,90.4,90.4,2.5,1.8,0.0,,93.2,2.1,3.0,7.4,0.0,4.1,1.3,79.2,2.11,5.7,22.8,0.9,9.8,14.0,3.1,6.3,10.1,0.4,0.6,91.4,low,183.19377598818446,150.94429520721118,144.5716017050215,122.23584281910618,165.48656499636894,92.87961607288108,100.0,81.4977621483376,79.47433362570052,510,010200,24
2194,"Census Tract 604, Baltimore city, Maryland",8.7,70.0,10.4,0.0,0.0,0.0,6.4,5.8,76.3,1.6,85.3,21.8,9.2,2.1,60.5,16.7,4.4,6.8,12.7,0.0,12.4,12.1,6.6,6.3,30.1,0.0,19.6,7.5,73.8,73.8,5.5,2.2,0.0,0.0,86.0,7.9,6.6,38.4,12.8,6.7,9.2,26.0,1.94,10.1,18.8,16.7,2.5,26.3,0.0,4.9,23.2,0.5,1.1,35.0,high,137.76711284402052,143.67386491432086,105.79601441417527,93.87823662908097,107.4800290486565,44.54595737758256,100.0,71.60725703324809,90.36526082625947,510,060400,24
2195,"Census Tract 1604, Baltimore city, Maryland",38.5,39.6,5.3,0.0,9.9,6.3,14.0,11.7,74.5,0.0,98.8,2.0,0.0,13.0,14.5,26.7,13.2,1.4,9.4,4.3,8.5,24.2,8.4,0.0,33.6,3.3,53.1,0.0,26.3,26.3,7.9,41.0,84.2,52.2,39.2,15.3,17.3,0.6,0.0,0.0,2.0,41.3,2.47,3.6,20.4,31.4,4.3,3.2,2.9,6.8,13.9,0.2,0.3,1.9,high,63.66304509353896,55.82332841592675,68.07893008950478,59.904576401422425,102.03340595497458,75.46266471449488,100.0,137.67583120204606,141.28770422346756,510,160400,24
2196,"Census Tract 1607, Baltimore city, Maryland",35.3,38.0,6.0,12.0,12.1,23.5,13.9,7.7,90.9,0.0,96.3,0.5,0.0,14.3,25.5,37.4,10.0,4.7,5.6,0.7,11.9,12.4,5.3,1.5,32.4,11.2,38.6,2.5,38.6,38.6,6.1,26.6,30.0,49.7,64.4,9.1,2.3,0.8,0.0,0.0,0.5,42.5,2.68,7.3,22.6,69.4,3.4,6.7,1.9,5.9,15.7,0.0,0.0,0.6,high,62.86141475932444,92.54267332951413,66.43915519532236,78.4167545254731,99.21931735657226,139.9830811778103,100.0,113.54299872122763,110.08666954078517,510,160700,24
2197,"Census Tract 1702, Baltimore city, Maryland",32.6,60.7,5.9,58.0,0.0,12.9,23.1,2.5,83.2,0.6,98.7,1.8,2.4,13.6,13.1,50.7,8.2,2.7,19.6,0.0,39.3,18.5,1.7,0.0,29.7,6.1,53.5,0.0,27.8,27.8,11.0,51.3,38.6,69.6,75.0,0.0,11.0,34.1,0.0,4.1,11.2,4.2,4.65,8.0,16.1,12.3,28.1,43.9,0.0,8.3,15.4,0.8,0.0,7.4,high,45.2680366469342,52.40148243587137,62.35441938995208,,34.58605664488017,96.18171465755654,100.0,87.43206521739131,110.38101892458405,510,170200,24
2198,"Census Tract 1801, Baltimore city, Maryland",42.0,51.8,2.4,56.0,38.7,0.0,28.6,3.0,98.2,0.0,99.7,1.1,0.0,21.1,16.8,31.0,35.5,4.3,9.0,0.0,37.9,23.0,0.8,0.0,26.6,12.9,66.0,0.0,25.4,25.4,5.0,54.4,62.9,64.0,90.3,0.0,5.6,13.4,0.5,0.0,1.1,9.7,1.96,0.0,41.4,15.2,44.6,16.3,0.0,9.7,12.8,0.0,0.0,0.3,low,49.57078038429063,62.597551345119925,41.17078951558989,73.9793784957381,44.66230936819173,65.55636896046852,100.0,84.26710358056266,95.36920035084063,510,180100,24
2199,"Census Tract 1803, Baltimore city, Maryland",10.2,78.1,29.3,29.0,0.0,0.0,3.8,4.7,77.0,1.1,87.6,12.4,7.9,4.6,60.5,15.3,12.5,2.4,14.6,0.0,16.6,10.5,14.6,7.0,12.8,7.4,14.0,6.5,72.0,72.0,6.0,18.3,0.0,48.4,68.7,15.7,14.1,0.0,0.0,4.4,4.0,36.1,1.94,4.1,19.2,3.9,14.0,40.5,0.0,2.2,4.3,0.8,0.4,41.2,high,92.94662952855592,90.14499934812962,99.46535244339375,98.31561265881597,98.22076978939724,49.3696111924516,100.0,77.93718030690538,82.12347807989053,510,180300,24
2200,"Census Tract 2001, Baltimore city, Maryland",45.4,36.1,1.2,28.0,23.8,21.4,17.6,2.6,92.5,0.3,96.7,0.6,0.4,12.0,12.3,38.9,10.0,3.2,12.3,0.0,28.1,7.3,11.9,1.2,27.3,8.1,44.2,1.8,37.2,37.2,9.4,31.9,,60.2,63.5,13.1,0.0,0.0,0.0,1.4,0.0,33.4,2.82,3.1,23.2,46.0,6.9,7.9,5.0,2.9,13.4,0.0,0.0,1.9,high,60.71712443070112,49.93036976465968,75.58118295019872,75.64339450688873,100.03631082062456,59.340653977550026,100.0,118.29044117647061,119.50584982234965,510,200100,24
2201,"Census Tract 1603, Baltimore city, Maryland",37.8,44.9,4.7,217.0,0.0,19.4,31.1,0.0,90.2,0.0,97.0,1.1,0.0,16.5,18.9,21.0,0.0,3.4,6.9,0.0,26.3,19.9,4.3,3.3,43.1,0.0,45.4,0.0,31.6,31.6,5.3,42.1,100.0,69.2,47.8,0.0,3.2,10.1,0.5,0.5,0.0,24.0,2.6,12.0,33.7,60.6,0.0,16.0,0.0,5.4,24.9,0.0,1.0,6.0,low,72.06458421467073,92.83245842991326,68.20558856408991,70.44334447204304,78.70370370370371,35.287131934276886,100.0,94.15760869565217,97.13529665363396,510,160300,24
2202,"Census Tract 1207, Baltimore city, Maryland",6.6,63.8,20.5,10.0,0.0,0.0,8.4,3.4,73.7,1.6,90.1,7.8,10.0,11.6,47.2,23.2,2.5,1.9,12.8,0.3,6.0,4.1,15.2,0.0,19.7,5.0,11.9,0.0,67.9,67.9,8.5,2.4,0.0,0.0,88.5,0.0,7.3,3.0,0.8,1.1,1.7,55.9,2.04,2.8,25.0,29.7,9.7,14.5,0.0,4.8,10.8,1.1,0.8,74.4,high,97.82156170234815,92.08417772545799,118.87124015661472,82.50746055288505,115.64996368917939,73.13177159590045,100.0,85.84958439897699,88.59916452346613,510,120700,24
2203,"Census Tract 1304, Baltimore city, Maryland",20.7,52.6,14.0,33.0,0.0,22.2,9.9,6.1,91.9,0.1,96.1,4.6,0.8,16.1,23.9,28.1,11.4,7.5,11.5,0.0,13.3,17.5,7.5,3.1,37.7,8.8,27.7,6.5,39.0,39.0,6.2,25.0,0.0,73.0,63.4,4.6,10.7,1.9,0.4,1.2,3.4,40.0,2.72,0.6,19.3,40.5,28.9,8.7,10.6,7.1,14.0,0.0,0.0,6.8,low,75.11531167032108,76.47349406354638,75.6512974629155,90.27286860492129,101.21641249092231,66.55994794208557,100.0,104.04811381074168,108.02622385419292,510,130400,24
2204,"Census Tract 1307, Baltimore city, Maryland",2.3,62.2,11.8,0.0,,,6.0,1.3,79.3,1.9,91.3,7.4,14.6,4.0,69.4,9.6,3.8,8.1,17.5,0.0,2.4,9.6,10.4,5.2,35.6,0.7,6.2,9.4,85.0,85.0,2.2,1.2,0.0,0.0,90.8,4.2,0.0,41.1,4.5,7.3,10.1,46.2,2.15,8.3,20.3,1.3,10.2,7.3,6.0,6.6,29.9,0.0,1.4,89.7,high,145.17157112542256,113.43498817061797,126.97738253006274,127.57456085488108,96.94989106753813,154.00081340491298,100.0,72.79411764705883,78.00258670670605,510,130700,24
2205,"Census Tract 1403, Baltimore city, Maryland",29.2,50.3,9.0,0.0,0.0,26.1,13.8,2.7,89.9,0.3,96.6,4.4,0.8,4.9,31.5,20.1,11.7,4.5,8.6,0.0,18.7,15.9,6.6,1.3,26.6,6.6,40.9,2.6,50.5,50.5,4.1,27.6,68.4,56.6,61.8,0.0,11.1,5.2,0.0,3.0,2.7,31.4,2.73,3.2,23.1,26.0,7.5,12.3,0.0,9.3,15.0,0.0,0.0,5.6,high,85.89908086592077,73.86741298940908,83.10152987869053,114.12376476474688,89.68772694262891,76.17488205628761,100.0,97.71819053708441,103.31663371341067,510,140300,24
2206,"Census Tract 1701, Baltimore city, Maryland",18.9,71.9,8.8,27.0,0.0,0.0,13.7,4.0,76.2,0.0,92.1,5.7,5.6,4.3,40.9,22.4,7.6,6.0,10.7,0.0,17.4,11.2,9.0,0.8,25.8,4.8,35.2,0.0,50.1,50.1,6.6,17.3,0.0,35.7,89.7,0.0,5.5,48.4,0.0,8.7,5.3,12.7,1.75,9.1,20.6,11.9,36.4,18.6,0.0,4.5,14.4,0.0,0.0,31.0,high,88.11418659509306,104.85655526702205,76.51076568331455,68.57132645949858,95.2251270878722,52.89832438587929,100.0,67.2554347826087,86.8330682206728,510,170100,24
2207,"Census Tract 1802, Baltimore city, Maryland",17.8,63.0,12.8,0.0,,,23.4,2.3,79.4,2.4,95.5,3.9,4.5,13.8,30.7,29.6,15.2,6.8,11.7,0.0,32.9,7.7,4.1,0.0,30.4,6.8,48.8,0.0,49.8,49.8,15.5,34.1,0.0,82.8,61.6,0.0,9.9,26.6,0.0,4.6,3.7,26.3,3.16,6.3,23.6,13.5,13.5,30.2,5.2,2.8,22.3,0.0,0.0,12.0,low,85.30139888528731,68.30592085709168,81.98874470912122,67.1153124497418,,30.690092728160078,100.0,88.22330562659847,104.78838063240512,510,180200,24
2208,"Census Tract 1903, Baltimore city, Maryland",24.3,42.3,11.7,91.0,0.0,16.2,24.3,1.6,79.0,0.0,90.6,18.4,4.0,16.3,20.1,30.8,10.1,5.8,10.7,0.0,23.7,14.1,9.5,0.0,23.1,9.9,60.4,0.0,16.4,16.4,11.6,38.8,57.6,77.4,58.7,37.3,9.6,11.6,0.0,1.6,5.8,24.8,2.36,1.7,22.7,30.0,0.0,10.3,9.4,10.9,11.2,0.0,0.0,24.9,high,57.84768440045618,86.83628864699719,81.77161589554672,78.00075052268545,82.06245461147422,80.99853587115666,100.0,117.894820971867,112.73581399497519,510,190300,24
2209,"Census Tract 2501.02, Baltimore city, Maryland",41.8,32.4,9.3,23.0,0.0,18.4,14.3,8.7,88.1,0.0,95.5,5.7,0.0,9.9,24.7,23.5,11.8,3.8,8.1,0.0,5.9,11.7,9.2,0.3,23.2,3.3,21.5,0.5,53.4,53.4,3.3,16.0,6.2,22.6,91.3,2.8,7.5,0.0,0.0,0.1,0.9,42.2,2.46,4.7,26.3,24.9,42.2,24.1,0.0,8.3,12.3,0.8,0.2,7.2,low,73.87462585270283,75.5048972896096,93.91273538792086,82.7847965547435,101.21641249092231,104.7606962746055,100.0,104.04811381074168,89.7765620586617,510,250102,24
2210,"Census Tract 2503.01, Baltimore city, Maryland",54.3,32.0,7.8,45.0,0.0,22.2,18.9,3.1,82.9,0.0,96.2,4.9,1.5,18.6,25.2,30.0,7.0,0.5,12.3,0.0,23.6,20.8,13.3,0.0,33.1,5.4,57.7,0.0,36.5,36.5,6.8,37.8,0.0,46.9,77.2,0.0,11.0,0.6,0.0,1.7,0.0,31.1,2.53,7.0,25.4,54.7,25.2,7.9,0.0,8.2,11.1,0.0,0.0,12.4,low,78.48612473645285,75.80857619619223,90.62640032413181,82.92346455567271,38.30791575889616,76.23962908735969,100.0,113.93861892583121,100.96183864301955,510,250301,24
2211,"Census Tract 2504.01, Baltimore city, Maryland",17.9,41.8,11.7,54.0,14.8,44.3,23.7,6.3,84.9,1.9,82.8,21.3,13.9,11.1,19.3,25.2,20.2,2.7,7.5,0.0,12.5,10.6,10.9,4.4,23.2,3.2,30.3,6.1,36.7,36.7,17.6,21.5,44.6,42.0,73.6,8.3,13.0,0.0,0.0,2.8,1.8,39.3,3.58,1.7,22.3,38.5,29.2,17.4,0.0,7.7,13.0,0.2,0.0,58.2,high,71.38475636940046,73.8634433304995,59.22188390244496,79.8727685352299,88.23529411764707,116.70652350740198,100.0,123.03788363171356,117.73975351955632,510,250401,24
2212,"Census Tract 807, Baltimore city, Maryland",17.9,50.7,5.8,0.0,100.0,0.0,9.7,2.5,88.5,0.0,95.2,5.9,0.0,25.1,21.9,36.4,7.1,1.1,17.5,0.0,17.0,7.6,10.6,0.0,54.8,3.2,48.1,0.0,40.2,40.2,4.8,26.8,0.0,0.0,47.7,0.0,14.5,6.9,6.9,0.0,2.9,51.6,2.18,5.3,20.5,14.8,0.0,4.5,0.0,2.7,26.0,0.0,0.9,1.9,low,82.56509180807447,106.5714479159593,52.0204449188907,94.22490663140401,78.15904139433552,24.150642589881244,100.0,85.84958439897699,92.13135712905282,510,080700,24
2213,"Census Tract 1308.05, Baltimore city, Maryland",8.8,69.9,3.6,265.0,0.0,0.0,8.5,2.9,92.3,0.0,92.0,4.6,1.1,8.0,52.8,17.0,8.5,3.8,17.5,4.0,22.5,15.0,22.7,0.9,55.6,9.7,25.0,2.9,63.1,63.1,5.0,2.9,0.0,15.6,92.2,4.4,4.3,44.8,0.0,2.6,5.7,45.6,2.35,1.4,36.6,11.2,17.4,36.7,5.4,4.0,42.1,0.0,0.0,15.6,low,113.30464087837856,101.72250955791098,114.82043072836545,116.20378477868516,42.937545388525784,30.52822515047991,100.0,65.67295396419436,88.01046575586835,510,130805,24
2214,"Census Tract 2101, Baltimore city, Maryland",23.2,53.9,16.9,147.0,0.0,0.0,8.7,5.4,85.2,0.5,94.3,6.2,5.0,12.5,53.8,15.5,12.1,5.5,11.2,0.0,10.2,11.0,13.7,2.9,13.2,5.5,23.3,2.7,58.0,58.0,4.4,13.0,48.7,26.0,82.6,5.9,11.6,0.3,0.0,0.0,2.5,41.2,1.98,5.7,22.9,9.5,21.9,30.7,0.0,4.9,7.7,0.6,0.2,30.3,high,102.34524948941741,91.79836228396844,99.18037087557722,94.43290863279785,122.82135076252725,81.96974133723768,100.0,103.65249360613811,104.49403124860623,510,210100,24
2215,"Census Tract 2707.01, Baltimore city, Maryland",19.2,51.0,9.4,59.0,0.0,0.0,18.0,6.3,55.8,4.6,86.8,5.9,0.2,9.9,20.9,43.1,7.3,4.5,17.9,0.0,16.8,13.0,10.0,6.1,18.3,7.7,37.1,7.5,49.0,49.0,10.3,16.1,22.5,38.0,87.9,,10.5,11.6,0.0,0.0,4.9,0.0,,11.5,21.1,,,,,8.0,8.9,0.0,0.0,2.5,low,76.29084731943425,88.23162375371349,70.29771515321922,,96.2236746550472,79.89783634293151,100.0,85.84958439897699,87.42176698827058,510,270701,24
2216,"Census Tract 2702, Baltimore city, Maryland",17.1,45.4,10.2,0.0,0.0,0.0,1.8,3.7,89.8,0.4,95.4,3.5,13.4,8.7,48.9,14.5,15.9,5.0,9.2,0.0,5.2,5.5,22.8,4.8,26.2,2.7,13.0,3.6,64.6,64.6,7.8,2.8,0.0,0.0,89.5,0.0,0.0,0.8,0.8,0.6,1.9,70.1,2.77,4.1,32.2,9.1,16.3,24.1,1.4,2.6,17.0,3.1,0.0,55.6,low,113.1431817651269,100.48199114866816,113.08792373671892,99.3556226657851,87.41830065359478,60.92695623881569,100.0,104.04811381074168,103.02228432961178,510,270200,24
2217,"Census Tract 2606.04, Baltimore city, Maryland",56.3,29.9,3.5,167.0,0.0,20.0,14.1,2.0,86.4,0.0,93.8,10.7,3.0,17.6,16.7,43.9,10.5,7.6,9.9,0.0,17.0,12.5,10.0,0.0,22.5,8.2,49.8,0.0,20.1,20.1,4.2,41.8,0.0,60.2,79.3,0.0,19.7,0.0,0.0,0.0,0.0,34.6,2.54,8.2,20.9,50.8,37.9,3.4,0.0,13.0,7.7,2.1,0.0,15.9,low,70.2573751926606,83.73598503861753,59.37115996177743,74.46471649899037,31.953522149600584,48.236538148690414,100.0,115.12547953964196,105.37707940000291,510,260604,24
2218,"Census Tract 401, Baltimore city, Maryland",5.9,80.4,21.6,0.0,,,0.8,0.8,54.3,5.4,72.0,29.0,9.4,2.2,83.2,4.0,2.3,7.2,21.4,0.0,10.2,3.5,12.5,6.0,4.5,0.0,4.7,10.4,88.8,88.8,1.3,0.0,0.0,0.0,82.6,0.0,8.0,88.9,3.9,19.3,14.6,7.4,1.4,16.5,8.7,0.0,9.3,6.7,9.3,5.2,3.7,0.3,0.2,51.5,high,167.90331470164725,140.9546485612606,110.78771536791405,159.53753506906597,136.98257080610023,142.57296242069302,100.0,66.85981457800511,78.00258670670605,510,040100,24
2219,"Census Tract 402, Baltimore city, Maryland",0.0,90.8,9.5,0.0,,,4.8,1.6,70.6,3.2,81.8,22.8,5.3,4.4,58.6,19.3,8.2,5.4,7.9,0.0,15.8,14.9,6.6,3.1,7.9,9.6,20.6,19.0,85.9,85.9,1.6,0.0,,,63.3,,16.8,76.1,1.4,8.6,55.3,0.0,,20.6,18.4,,,,,0.0,1.9,1.8,0.8,47.3,low,23.836463824788893,130.47276421052248,115.9151218301369,,103.66739288307916,29.16853749796649,100.0,51.03500639386189,84.18392376648276,510,040200,24
2220,"Census Tract 602, Baltimore city, Maryland",13.6,45.7,19.2,80.0,0.0,0.0,12.3,2.9,75.2,0.7,86.3,18.7,8.3,7.9,56.6,11.8,2.4,7.0,13.9,0.0,15.2,1.7,8.2,11.1,14.9,2.9,29.5,14.8,60.2,60.2,11.3,27.0,20.0,73.2,73.1,22.5,6.4,1.2,0.5,0.7,4.5,49.5,2.95,7.6,15.1,11.8,11.8,24.7,1.5,7.1,8.5,0.8,0.7,52.7,high,135.02797315078573,115.78105658617797,116.73387839799074,102.89165668948017,135.2578068264343,104.92256385228566,100.0,118.29044117647061,106.26012755139958,510,060200,24
2221,"Census Tract 905, Baltimore city, Maryland",32.1,46.8,10.9,263.0,0.0,19.4,7.1,2.6,84.3,0.0,95.7,6.5,2.4,9.1,35.4,22.9,15.2,1.9,12.7,0.0,9.3,7.5,9.1,1.6,36.8,8.5,27.1,3.0,54.0,54.0,3.4,13.3,0.0,31.0,78.9,7.4,0.0,0.0,0.0,0.0,4.5,52.9,2.97,5.0,22.9,36.1,33.9,15.8,0.0,7.5,17.6,7.5,2.1,29.4,high,86.94431617802381,79.4924196642797,82.58132542950163,71.691356480406,89.50617283950618,60.37660647470311,100.0,107.21307544757033,107.73187447039403,510,090500,24
2222,"Census Tract 908, Baltimore city, Maryland",35.9,42.7,11.1,49.0,4.1,21.9,21.5,4.5,82.2,0.0,98.7,0.9,0.7,32.5,23.4,41.2,11.2,1.8,13.3,0.0,16.8,14.1,7.3,0.0,47.4,10.3,42.1,0.0,45.1,45.1,7.2,30.8,49.3,26.7,64.0,0.0,8.3,2.9,0.0,0.0,0.0,54.2,3.42,0.0,23.4,39.6,11.9,1.6,0.0,6.5,21.8,0.0,0.0,2.1,high,70.8154005489866,71.95006773608338,65.31279947490465,75.15805650363646,104.12127814088599,93.9479420855702,100.0,121.45540281329923,118.0341029033552,510,090800,24
2223,"Census Tract 1201, Baltimore city, Maryland",3.9,58.0,14.1,0.0,,,1.4,3.4,81.8,5.6,69.4,29.7,9.3,8.0,80.7,2.6,2.1,3.3,14.8,0.8,9.2,4.9,13.1,17.1,34.7,0.0,3.6,32.6,85.3,85.3,2.1,6.8,0.0,0.0,92.2,1.3,11.5,67.4,0.4,6.3,9.2,50.6,2.11,4.8,27.6,3.1,6.0,14.7,22.1,3.9,31.3,0.3,1.9,63.4,low,140.05586658976375,178.1384435672685,141.83035043364342,180.12973320705493,122.09513435003632,150.31023263380513,100.0,78.33280051150896,78.88563485810273,510,120100,24
2224,"Census Tract 1507.01, Baltimore city, Maryland",36.7,45.7,6.4,48.0,54.3,0.0,5.9,4.6,94.0,0.0,99.4,0.3,0.0,7.4,32.0,16.3,20.2,9.2,11.1,0.0,10.5,7.5,2.7,1.2,41.1,4.4,17.8,0.0,54.9,54.9,8.8,15.9,0.0,26.3,71.8,3.1,4.8,0.0,0.0,0.6,2.3,62.6,2.86,3.9,11.4,36.6,27.9,14.4,0.0,4.2,22.3,3.8,0.0,8.3,low,73.34492665659641,63.77257038235473,88.49130032398256,85.28082057146942,102.39651416122004,50.92353993818123,100.0,105.63059462915601,110.67536830838294,510,150701,24
2225,"Census Tract 1503, Baltimore city, Maryland",37.7,32.3,6.3,21.0,18.1,3.9,13.7,3.8,82.2,0.0,96.0,5.5,0.4,13.4,24.1,30.2,8.7,1.6,15.2,0.0,14.5,10.0,9.4,4.0,34.0,7.4,35.8,4.6,44.7,44.7,9.1,16.6,0.0,23.8,67.8,0.0,0.0,0.0,0.0,0.0,1.5,56.0,3.04,4.3,9.0,48.2,14.7,1.3,0.0,10.9,17.4,0.0,0.0,0.5,low,75.06432458192582,85.97685749307375,89.28743930708906,63.09394042279445,100.30864197530865,74.49145924841386,100.0,129.36780690537086,119.21150043855077,510,150300,24
2226,"Census Tract 1507.02, Baltimore city, Maryland",37.7,41.3,6.0,78.0,0.0,3.2,9.3,3.9,80.4,0.0,99.9,1.3,0.0,12.6,41.9,10.7,6.8,7.2,9.8,0.0,8.7,8.8,4.0,3.6,34.9,12.3,27.5,0.0,60.8,60.8,2.0,20.2,0.0,60.3,72.4,5.4,7.4,0.0,2.6,0.0,0.0,68.4,2.28,2.5,14.8,36.1,31.2,9.0,0.0,3.5,19.5,1.8,0.0,2.9,low,101.29151632924848,73.01393632385002,122.21638094074687,84.86481656868176,105.3921568627451,70.05628761997723,100.0,102.46563299232736,101.25618802681844,510,150702,24
2227,"Census Tract 1511, Baltimore city, Maryland",32.7,42.3,9.8,21.0,0.0,28.6,10.7,5.2,91.3,0.4,93.8,5.7,0.3,13.2,30.6,21.2,9.4,4.0,5.7,0.0,9.2,10.3,10.0,1.5,42.5,3.1,19.4,2.7,59.4,59.4,4.2,12.1,44.2,26.0,84.4,0.0,11.6,4.5,0.0,0.7,0.0,68.7,2.55,5.6,22.1,18.2,32.2,17.4,0.0,5.5,26.7,1.4,0.0,1.6,high,105.36481816882619,95.60526517825281,82.27372627693775,94.50224263326245,87.96296296296296,209.84512770457133,100.0,97.71819053708441,92.42570651285172,510,151100,24
2228,"Census Tract 1513, Baltimore city, Maryland",31.1,43.7,10.0,29.0,12.6,3.7,16.9,4.3,83.3,0.1,92.6,6.4,0.8,18.6,18.7,22.2,12.3,0.8,9.7,0.0,20.3,21.0,10.3,0.0,32.5,7.0,33.5,0.0,40.5,40.5,6.2,26.3,0.0,46.3,70.8,7.1,5.0,3.4,0.5,1.0,2.2,32.9,2.84,5.5,27.1,49.2,13.9,4.6,5.0,5.9,15.0,0.0,0.0,10.0,high,65.23797960174844,72.09099062737336,67.28052934792356,69.33400046460928,89.05228758169935,133.60549861721165,100.0,103.25687340153453,99.78444110782398,510,151300,24
2229,"Census Tract 1901, Baltimore city, Maryland",29.6,51.7,9.1,85.0,22.7,37.5,25.2,1.8,87.3,1.6,92.0,12.8,0.4,16.5,16.7,42.4,13.7,2.5,18.5,0.0,24.1,16.0,3.8,0.7,32.7,3.3,54.3,1.5,22.9,22.9,4.7,53.8,87.5,68.8,64.2,13.2,9.3,7.1,0.0,2.1,5.2,19.3,3.26,1.4,30.6,34.6,14.7,10.9,0.0,9.2,15.7,0.4,0.0,6.1,high,76.39848672826872,66.660497239072,86.07348051449151,80.08077053662373,69.53522149600582,68.9879616072881,100.0,103.25687340153453,113.03016337877405,510,190100,24
2230,"Census Tract 1902, Baltimore city, Maryland",19.6,58.7,13.8,29.0,0.0,0.0,17.2,4.5,70.3,0.4,83.0,19.3,0.9,11.3,26.7,33.0,15.5,5.8,11.2,1.6,8.3,23.4,7.9,2.7,22.2,7.6,44.1,4.2,47.0,47.0,12.2,30.2,0.0,32.8,61.3,27.2,2.2,0.0,0.4,0.5,3.9,28.7,2.43,4.4,23.8,12.5,18.0,2.5,5.0,7.7,10.2,0.3,1.5,41.3,high,77.16329305419777,62.21249443089096,87.22019206118183,99.3556226657851,79.61147421931737,61.05645030095982,100.0,106.81745524296677,124.21543996313191,510,190200,24
2231,"Census Tract 2201, Baltimore city, Maryland",2.8,67.5,21.0,0.0,,,3.0,2.5,79.8,0.0,91.0,9.0,16.2,2.9,79.0,3.8,5.4,11.6,19.5,0.0,5.8,8.0,9.3,17.0,32.5,0.0,10.9,35.2,79.2,79.2,3.0,0.0,0.0,0.0,96.3,3.6,0.0,42.9,0.0,5.2,1.6,41.0,2.03,7.9,19.7,3.1,4.0,3.2,28.8,1.3,19.8,1.2,2.5,76.7,high,172.76974902737362,176.10399337611028,132.8783103906447,167.78828112435446,121.45969498910677,140.33918984870667,100.0,75.1678388746803,74.47039410111937,510,220100,24
2232,"Census Tract 2303, Baltimore city, Maryland",3.7,74.7,29.8,0.0,0.0,50.0,2.9,1.0,67.5,0.0,93.3,9.9,32.4,1.0,73.0,5.9,3.5,9.6,21.8,0.0,1.4,4.1,16.3,10.5,10.3,1.0,0.4,8.1,87.6,87.6,0.9,1.6,23.1,0.0,95.3,9.8,0.0,31.6,11.5,8.4,11.4,45.3,2.09,14.1,8.4,2.1,7.6,6.0,0.0,0.9,8.0,0.7,0.5,87.7,low,177.25094757411347,128.54946446883244,144.93122130250424,130.27858687300085,168.66376180101673,46.326500732064424,100.0,75.95907928388746,69.46645457653823,510,230300,24
2233,"Census Tract 2502.07, Baltimore city, Maryland",31.1,40.9,4.9,0.0,44.4,0.0,7.8,9.9,89.7,2.4,89.1,8.8,1.2,10.6,24.2,25.8,10.1,4.2,13.1,0.0,13.5,18.5,4.2,2.9,24.8,6.9,31.0,5.0,41.2,41.2,8.5,22.6,16.3,47.4,87.6,0.0,0.7,2.0,0.0,0.9,2.8,18.4,3.75,2.4,21.9,58.0,10.7,4.7,0.0,9.7,14.4,1.0,0.6,10.4,low,80.8796852750086,82.66814679194131,91.31849841740053,76.12873251014099,88.87073347857662,74.7180738571661,100.0,111.56489769820972,113.32451276257297,510,250207,24
2234,"Census Tract 2503.03, Baltimore city, Maryland",21.2,47.2,8.7,0.0,22.2,40.7,18.0,3.4,80.7,2.2,81.4,17.5,11.3,13.5,12.5,26.8,10.9,1.7,14.1,0.0,15.0,11.9,7.2,2.3,40.6,4.9,27.8,2.8,42.0,42.0,12.6,21.5,28.6,55.6,90.6,3.4,5.8,12.6,0.0,0.8,0.0,48.2,2.75,7.7,18.3,44.0,32.4,8.1,0.0,7.6,17.0,2.3,0.0,56.6,high,74.42415336096298,72.03541540263927,82.95677733630752,80.91277854219904,90.2323892519971,76.7252318204002,100.0,107.60869565217392,112.1471152273774,510,250303,24
2235,"Census Tract 2707.03, Baltimore city, Maryland",15.6,45.6,11.7,0.0,0.0,0.0,2.6,7.8,84.5,0.4,89.0,12.4,10.3,3.5,38.4,25.1,6.5,8.6,11.4,0.0,1.5,3.5,7.2,6.3,27.4,1.9,11.5,11.5,67.4,67.4,7.8,3.5,0.0,33.3,88.3,4.3,20.8,0.0,0.0,0.0,0.7,66.1,2.49,4.3,31.2,4.8,21.7,31.7,1.5,5.8,16.7,0.0,0.2,60.8,low,107.99348583720459,114.12769365033914,128.79357458527446,108.02237272386125,90.68627450980394,85.10997234423297,100.0,94.15760869565217,89.1878632910639,510,270703,24
2236,"Census Tract 2710.01, Baltimore city, Maryland",29.0,42.0,5.5,70.0,0.0,0.0,15.7,2.9,84.7,0.6,91.8,5.9,0.0,16.4,33.3,19.9,10.6,7.2,12.2,0.0,9.9,9.5,12.9,1.6,35.9,10.6,36.7,2.7,47.5,47.5,6.3,8.9,10.2,18.9,77.0,0.0,4.4,1.9,0.0,0.0,2.0,42.6,2.95,10.7,21.6,42.5,40.8,1.7,2.0,9.1,13.6,0.0,0.0,3.9,low,86.13985322778731,73.99245724506075,78.32921949700099,84.51814656635872,92.86492374727669,80.25394501382789,100.0,116.70796035805628,120.09454858994744,510,271001,24
2237,"Census Tract 201, Baltimore city, Maryland",11.4,54.7,14.5,0.0,0.0,52.4,4.8,2.7,70.8,0.0,88.0,10.8,22.3,5.2,72.1,9.0,4.2,8.5,19.5,0.0,2.2,5.6,13.7,14.4,13.2,0.2,9.4,20.2,78.1,78.1,4.7,4.1,0.0,13.3,79.4,10.0,11.0,0.0,0.0,4.0,1.3,62.1,1.98,7.7,14.7,1.4,2.0,9.2,13.1,7.4,8.9,1.1,1.5,84.4,low,155.1820361470273,137.69754342595266,147.48474662047934,142.96670895802436,128.9941902687001,55.455832113225966,100.0,83.87148337595909,82.41782746368942,510,020100,24
2238,"Census Tract 2602.02, Baltimore city, Maryland",27.4,50.9,7.4,65.0,9.0,9.0,10.2,3.2,89.4,0.0,91.3,7.5,0.5,11.0,30.0,27.1,9.2,3.4,8.3,0.0,8.8,9.1,14.0,0.6,21.9,3.3,26.4,1.1,42.4,42.4,5.3,16.8,0.0,10.7,82.8,4.6,13.7,4.3,0.0,1.3,9.0,40.9,2.6,5.4,15.8,46.8,29.6,18.5,0.0,5.7,12.0,0.0,0.0,4.3,high,86.57607609516907,67.46633799771614,83.46341123464804,68.70999446042781,76.97893972403776,178.9931673987311,100.0,93.36636828644501,100.66748925922064,510,260202,24
2239,"Census Tract 2603.02, Baltimore city, Maryland",45.0,34.9,5.7,46.0,0.0,24.4,13.8,6.6,89.7,0.0,96.4,5.3,0.5,17.8,25.5,24.6,16.0,5.6,15.7,0.0,18.4,14.3,9.4,0.6,29.1,8.8,33.3,0.9,55.2,55.2,8.8,28.5,23.3,38.2,88.0,2.4,8.4,0.0,0.0,0.0,0.0,57.8,2.55,1.2,33.8,38.2,42.0,10.7,0.0,5.2,14.8,0.3,0.0,5.7,high,87.71478773599678,62.42685601200812,85.73874026023081,79.24876253104841,95.86056644880175,226.16137953473242,100.0,109.19117647058823,101.84488679441621,510,260302,24
2240,"Census Tract 2607, Baltimore city, Maryland",9.6,44.2,15.6,182.0,0.0,0.0,14.3,3.4,75.2,0.3,60.9,54.2,6.7,2.5,33.9,20.0,5.8,5.3,10.7,0.0,6.4,13.8,16.8,5.8,22.9,0.8,17.1,10.3,56.4,56.4,20.5,11.5,0.0,4.3,85.2,6.2,11.4,0.0,8.0,1.4,0.6,63.8,2.13,13.6,18.0,8.0,23.3,12.9,0.0,12.5,9.0,1.5,0.5,77.2,high,95.60079074113193,94.72201607087192,94.76089481594624,107.05169671735672,139.9782135076253,93.36521880592159,100.0,123.43350383631714,115.6793078329641,510,260700,24
2241,"Census Tract 2609, Baltimore city, Maryland",4.9,66.7,22.6,9.0,57.1,42.9,3.9,2.6,67.5,1.8,95.5,4.7,20.5,2.1,71.2,4.1,3.9,10.1,22.2,0.0,3.5,4.4,11.5,11.8,15.1,1.2,3.5,19.5,89.5,89.5,2.5,1.7,0.0,0.0,84.5,0.0,18.9,37.7,4.4,12.2,2.8,43.8,2.19,11.8,12.4,3.1,1.5,19.4,1.8,6.8,9.9,1.2,1.5,88.9,high,181.42055835843783,149.44177930993627,144.12377352702407,128.12923285859796,202.16049382716054,101.62046526761021,100.0,79.51966112531969,78.88563485810273,510,260900,24
2242,"Census Tract 2610, Baltimore city, Maryland",12.4,49.3,14.0,0.0,0.0,64.8,14.7,0.8,90.6,1.4,80.0,28.4,5.7,5.4,37.7,23.1,4.9,10.2,3.4,0.0,11.0,4.9,10.5,5.2,20.6,9.2,27.0,9.3,40.8,40.8,17.5,37.0,0.0,91.6,74.9,6.5,22.2,0.0,0.0,1.2,0.9,58.2,2.79,3.4,15.2,23.8,8.3,15.3,1.7,12.5,12.4,1.2,0.0,55.6,high,93.28087821914713,95.1070729851009,95.6000072100727,99.00895266346205,104.12127814088599,90.74296404750285,100.0,110.77365728900254,111.2640670759807,510,261000,24
2243,"Census Tract 2701.01, Baltimore city, Maryland",15.7,31.1,7.5,0.0,0.0,0.0,6.7,4.6,89.3,0.0,93.4,4.5,11.1,6.8,47.5,13.8,6.8,2.8,12.7,0.3,3.1,7.1,9.0,4.2,21.9,1.4,28.2,5.1,71.1,71.1,4.0,2.0,0.0,9.3,83.6,2.9,0.0,0.9,0.0,0.0,0.0,81.4,2.62,1.6,19.7,11.3,18.2,23.3,0.0,6.8,17.3,0.3,1.4,47.5,low,144.08101395696815,123.17653113471995,128.96320647087953,101.64364468111722,86.0566448801743,48.91638197494713,100.0,104.04811381074168,90.65961021005837,510,270101,24
2244,"Census Tract 2719, Baltimore city, Maryland",19.7,39.7,4.0,40.0,0.0,30.4,8.5,6.7,91.6,0.0,93.6,1.2,5.2,8.8,48.2,22.8,9.6,5.6,7.1,0.0,10.3,13.9,9.5,4.2,43.2,3.4,26.1,5.9,68.6,68.6,4.0,6.7,0.0,34.0,88.1,2.0,9.0,7.1,0.5,1.3,8.7,71.0,2.74,3.1,24.7,9.0,29.2,21.7,0.0,5.4,28.0,0.0,0.0,24.9,high,143.4011861116979,128.11875647714334,117.39431187261317,109.33971873268884,83.06100217864925,123.5049617699691,100.0,100.88315217391303,100.07879049162287,510,271900,24
2245,"Census Tract 2720.03, Baltimore city, Maryland",13.4,32.9,4.3,0.0,21.4,39.1,4.5,4.8,85.2,1.2,86.8,13.0,2.3,6.8,61.2,13.6,7.0,6.1,12.8,0.7,6.1,5.9,7.9,5.0,30.4,0.0,8.5,6.1,68.1,68.1,12.0,8.3,19.8,37.5,95.8,0.0,6.5,17.4,0.0,0.0,9.0,61.0,3.42,2.0,15.4,17.0,4.2,11.8,1.0,7.4,21.7,0.0,0.0,62.4,low,103.80404674072653,116.8151527321228,87.21340678575763,142.89737495755975,103.75816993464053,198.19066211159915,100.0,118.29044117647061,111.2640670759807,510,272003,24
2246,"Census Tract 103, Baltimore city, Maryland",2.8,57.3,26.3,0.0,0.0,0.0,2.4,2.3,68.5,0.5,87.0,10.7,16.1,1.1,76.4,8.6,4.6,10.4,22.6,0.0,0.7,1.3,13.8,19.4,8.2,0.0,1.4,21.3,92.5,92.5,2.0,0.9,4.0,100.0,88.5,5.1,6.5,0.7,0.7,0.7,0.0,65.2,2.12,10.3,19.6,3.3,3.7,10.5,9.2,7.2,6.0,0.4,2.7,92.1,low,179.86545216238207,150.12059098347393,145.3767877220269,137.6279909222494,204.6114742193174,83.232308443143,100.0,94.15760869565217,81.53477931229276,510,010300,24
2247,"Census Tract 803.01, Baltimore city, Maryland",31.2,41.7,11.6,0.0,0.0,39.4,26.2,1.7,89.3,0.3,95.8,6.0,0.1,22.1,12.1,34.6,16.2,1.7,11.2,0.0,17.4,8.1,7.6,0.9,38.4,1.5,46.1,1.5,37.0,37.0,11.3,23.9,59.1,69.6,56.6,7.1,4.3,0.4,0.0,2.6,0.0,47.3,2.49,2.6,15.8,36.7,6.2,4.7,0.0,7.9,19.0,0.0,0.0,2.3,low,86.99530326641907,66.27940998375261,87.92586070529896,53.31784635728454,90.2323892519971,54.905482349113385,100.0,115.12547953964196,108.9092720055896,510,080301,24
2248,"Census Tract 2604.03, Baltimore city, Maryland",38.0,46.6,1.0,26.0,26.3,19.3,6.9,8.1,94.8,0.0,97.1,2.0,0.8,6.1,25.3,14.1,14.7,5.6,8.1,0.0,4.0,11.5,1.1,0.0,23.6,2.3,33.0,0.0,59.3,59.3,2.6,31.4,37.5,44.3,89.0,0.0,6.1,2.4,0.0,5.7,2.7,18.8,2.98,7.3,14.6,11.5,45.0,9.9,29.0,9.4,11.7,0.0,0.0,8.4,low,86.29281449297312,109.04653024608058,72.86481102204273,82.92346455567271,79.33914306463326,54.41987961607288,100.0,95.34446930946294,105.6714287838018,510,260403,24
2249,"Census Tract 2302, Baltimore city, Maryland",5.9,76.3,31.3,0.0,33.3,0.0,7.7,2.0,77.9,0.0,88.8,11.4,20.5,1.2,75.6,7.1,7.3,7.6,20.8,0.0,1.4,3.7,12.5,13.0,14.9,1.2,5.0,36.3,83.0,83.0,4.7,0.0,0.0,,88.3,13.2,4.5,4.3,0.8,5.6,2.0,48.7,2.09,5.1,14.2,2.4,5.2,1.5,4.5,5.6,13.8,0.0,1.7,89.3,low,183.853775521301,168.9863949512387,137.6393119799606,153.22814102678652,163.94335511982572,66.17146575565317,100.0,84.66272378516625,87.42176698827058,510,230200,24
2250,"Census Tract 2601.02, Baltimore city, Maryland",23.1,32.1,4.3,21.0,0.0,30.8,4.5,4.5,92.0,0.2,95.6,8.9,3.6,8.1,35.9,26.6,9.0,9.4,3.7,0.0,8.0,9.4,11.7,3.2,32.2,4.2,22.4,4.7,62.6,62.6,5.3,5.3,0.0,14.7,81.7,2.4,11.8,0.6,0.0,1.5,0.0,82.1,2.69,0.6,26.8,17.1,43.9,25.2,0.0,3.2,18.2,0.0,0.0,11.2,high,91.83907666396975,82.8249483188696,108.93533517710661,91.79821661514269,116.6485112563544,149.7275093541565,100.0,113.54299872122763,105.08273001620401,510,260102,24
2251,"Census Tract 2603.03, Baltimore city, Maryland",24.5,56.7,11.5,24.0,0.0,18.3,10.8,1.5,88.0,0.4,97.1,5.7,7.5,14.2,7.6,41.4,3.6,7.2,16.5,0.0,35.6,11.8,5.5,0.0,26.2,7.2,48.8,0.0,33.0,33.0,13.0,30.6,69.2,43.1,88.9,0.0,10.9,22.2,1.3,0.0,6.6,25.0,2.32,1.4,33.4,6.7,13.5,20.2,9.6,8.0,14.7,0.0,0.0,26.1,low,80.80603725843764,89.67260993788996,83.9677833745138,117.03579278426047,88.59840232389253,29.524646168862862,100.0,86.64082480818415,93.30875466424838,510,260303,24
2252,"Census Tract 2608, Baltimore city, Maryland",11.3,53.0,11.8,16.0,0.0,0.0,12.8,1.3,87.3,4.4,69.1,45.9,9.3,3.6,27.8,31.6,4.8,4.7,13.8,0.0,5.6,13.9,10.7,3.4,23.6,3.3,24.6,4.1,39.3,39.3,31.2,14.5,0.0,65.9,92.6,5.3,2.4,7.9,0.0,1.9,2.5,41.5,2.24,4.9,29.0,28.4,28.4,19.2,0.0,11.1,11.7,0.3,0.2,74.0,high,90.91564384081097,81.22319094885529,124.83097373753982,85.41948857239863,101.30718954248368,81.80787375955751,100.0,97.32257033248082,102.433585562014,510,260800,24
2253,"Census Tract 2704.01, Baltimore city, Maryland",26.6,28.9,2.4,0.0,0.0,0.0,5.5,7.1,81.8,0.6,97.6,3.6,8.9,3.2,32.5,14.4,5.9,6.9,10.8,0.0,6.7,4.5,14.6,3.8,26.1,1.6,18.3,5.3,73.1,73.1,2.0,7.8,0.0,13.0,93.0,2.8,12.7,2.9,0.0,1.9,1.8,77.7,2.61,5.0,28.7,8.2,48.1,25.1,0.0,7.3,11.4,1.9,0.5,34.2,high,119.70068785596304,93.12422835976717,116.6140051988298,95.75025464162542,96.94989106753813,182.10102489019033,100.0,104.83935421994886,95.07485096704173,510,270401,24
2254,"Census Tract 2804.01, Baltimore city, Maryland",18.8,47.8,4.1,43.0,0.0,0.0,6.7,4.1,86.7,0.4,92.8,2.2,3.2,6.2,39.5,12.4,15.4,4.4,12.9,0.0,4.7,10.5,9.7,1.8,33.9,0.7,22.8,3.4,66.2,66.2,5.3,7.1,0.0,8.7,92.1,0.0,3.8,5.0,0.7,0.5,2.6,60.8,2.41,2.6,28.2,8.8,31.3,28.6,0.0,7.7,24.7,2.2,0.0,20.0,high,88.17650414757617,95.41075189168353,72.19759227199609,97.76094065509909,77.97748729121278,112.62746054986172,100.0,90.59702685421995,96.54659788603618,510,280401,24
2255,"Census Tract 2703.02, Baltimore city, Maryland",13.4,26.6,10.5,0.0,,,5.1,11.2,88.3,0.6,93.1,11.7,13.0,9.2,36.1,17.5,11.4,3.4,5.7,0.0,6.6,5.3,15.6,9.3,35.6,2.7,17.6,8.8,63.3,63.3,7.2,7.8,0.0,37.5,89.3,0.0,0.0,0.0,0.0,0.1,0.0,72.2,2.91,0.5,32.2,6.9,25.4,37.5,3.5,5.6,18.3,0.0,0.0,51.6,low,118.89339228970461,74.43110455456902,125.41224566554654,109.68638873501189,97.22222222222223,62.027655767040834,100.0,113.54299872122763,92.42570651285172,510,270302,24
2256,"Census Tract 2707.02, Baltimore city, Maryland",25.9,44.5,10.6,15.0,,,7.8,10.1,84.2,0.2,89.2,5.1,3.4,8.6,29.0,22.5,10.8,2.3,6.7,0.0,3.4,6.3,10.5,2.9,19.8,1.9,13.2,2.8,72.6,72.6,5.2,3.6,0.0,4.1,81.9,6.2,5.0,0.0,0.0,5.2,3.2,43.6,2.34,9.9,29.8,3.8,29.5,31.0,1.3,6.9,16.4,2.9,0.0,32.9,low,108.8092792515289,89.09105490763693,95.51406038803279,106.42769071317527,95.31590413943356,63.29022287294615,100.0,85.84958439897699,79.17998424190162,510,270702,24
2257,"Census Tract 2709.03, Baltimore city, Maryland",11.1,43.3,3.1,23.0,,,2.8,8.6,83.4,0.3,89.5,12.5,3.2,8.7,31.6,26.7,10.6,6.1,12.9,0.2,10.8,10.6,5.0,2.9,35.0,2.0,13.7,5.1,75.0,75.0,5.7,6.1,0.0,0.0,83.4,3.5,7.3,0.0,0.0,0.0,0.0,55.9,2.11,3.7,27.4,3.2,26.0,39.2,0.0,2.7,12.0,1.9,0.1,22.5,low,72.64810311519439,88.8350119079692,120.44994757197934,103.09965869087401,101.85185185185186,155.71660972832277,100.0,86.24520460358058,87.42176698827058,510,270903,24
2258,"Census Tract 2711.01, Baltimore city, Maryland",11.2,59.1,12.6,0.0,0.0,40.0,5.9,7.9,81.2,0.2,86.1,18.8,9.6,6.5,63.0,13.1,8.1,3.6,13.8,0.0,13.7,3.0,10.5,6.8,29.0,5.4,22.9,13.1,71.7,71.7,5.9,8.4,0.0,57.1,92.3,6.4,3.0,18.1,0.0,9.5,6.2,41.7,2.55,4.3,26.9,2.5,13.1,10.1,9.6,4.8,18.5,1.0,1.1,55.3,low,113.72670066565054,130.25443297049577,141.1721787174957,139.63867693572308,100.39941902687002,64.77940458760371,100.0,86.64082480818415,95.07485096704173,510,271101,24
2259,"Census Tract 2718.01, Baltimore city, Maryland",19.4,59.7,8.9,57.0,0.0,24.5,9.5,5.1,90.5,0.6,85.4,4.6,1.1,19.1,19.1,32.5,8.2,5.1,5.7,0.0,17.9,14.6,9.2,3.2,43.7,5.4,35.3,0.0,42.2,42.2,13.7,21.7,0.0,55.9,75.0,0.0,8.3,16.2,0.0,1.9,5.2,53.7,2.52,3.4,19.0,78.2,9.8,1.7,0.0,7.8,29.7,0.8,0.0,3.0,high,79.10080241321805,80.30818457019778,76.05162871294347,62.955272421865224,59.186637618010174,93.9479420855702,100.0,92.17950767263427,111.2640670759807,510,271801,24
2260,"Census Tract 1101, Baltimore city, Maryland",1.9,83.9,23.1,0.0,,,1.2,3.6,70.0,1.4,73.5,23.3,13.8,1.5,67.4,5.8,10.5,3.8,23.3,0.0,6.9,8.1,12.6,2.7,6.6,1.8,4.7,5.9,90.3,90.3,5.3,0.0,0.0,0.0,86.3,4.8,8.5,50.2,1.8,15.1,22.9,15.8,1.66,18.2,12.1,3.2,5.4,39.6,5.1,1.0,6.7,2.2,0.4,61.4,high,132.27183776141916,120.08813650306904,95.22229354479207,126.46521684744734,114.46986201888163,101.68521229868229,100.0,60.134271099744254,60.6359730625715,510,110100,24
2261,"Census Tract 903, Baltimore city, Maryland",17.8,53.1,12.6,44.0,9.0,27.7,9.4,5.5,83.3,0.8,91.4,7.5,2.9,13.4,53.2,19.8,6.2,5.4,9.0,0.0,16.0,10.1,17.5,1.3,46.1,7.4,29.9,1.7,54.7,54.7,8.7,17.5,0.0,47.7,88.4,5.9,3.7,18.6,0.6,2.1,0.2,49.1,2.31,3.7,36.9,11.0,25.3,36.0,4.0,5.5,22.1,0.9,0.2,23.8,high,96.95478119962854,89.04540383017678,127.53829863179686,84.4488125658941,91.59404502541759,143.8031560110623,100.0,93.36636828644501,95.95789911843839,510,090300,24
2262,"Census Tract 1003, Baltimore city, Maryland",,,,112.0,,,33.5,1.5,33.7,0.2,95.6,3.3,3.2,,,,,,,,,,,,,,,,,,,,,,,,,,,,,,,,,,,,,0.0,1.9,1.0,0.0,19.8,low,30.46195270015208,,,,,119.00504311046038,,,,510,100300,24
2263,"Census Tract 2602.01, Baltimore city, Maryland",14.1,50.0,2.7,68.0,0.0,4.6,6.2,6.2,89.3,0.4,72.1,28.4,2.7,2.4,27.7,20.2,21.9,2.3,7.0,0.0,13.4,12.1,7.7,0.0,17.5,4.5,25.7,0.0,52.5,52.5,9.0,7.5,27.1,0.0,92.4,0.0,8.7,2.4,0.0,7.7,5.6,30.3,2.46,0.7,21.2,21.6,35.8,21.3,0.0,7.3,12.9,0.0,0.0,14.3,high,79.52002958446805,61.14862584312433,91.35242479452155,92.07555261700114,82.15323166303558,184.49666503985685,100.0,93.36636828644501,105.37707940000291,510,260201,24
2264,"Census Tract 2604.01, Baltimore city, Maryland",21.1,40.1,5.1,203.0,0.0,6.2,14.0,1.4,64.4,1.3,77.9,29.6,9.3,13.0,17.8,15.6,25.6,1.5,7.4,0.0,16.9,8.3,8.5,1.2,22.8,7.4,37.2,2.1,30.9,30.9,11.2,18.0,0.0,39.7,96.2,3.6,0.0,0.0,0.0,0.0,0.0,54.2,2.84,7.2,27.2,17.3,2.7,0.0,1.6,13.2,12.5,4.2,0.3,75.5,low,83.86809517817582,80.26848798110201,74.21508083145916,41.60040027876557,57.91575889615106,120.10574263868554,100.0,114.3342391304348,115.0906090653663,510,260401,24
2265,"Census Tract 2703.01, Baltimore city, Maryland",8.5,42.7,9.7,36.0,0.0,0.0,6.2,5.3,91.4,0.7,92.4,4.8,7.9,5.8,30.4,24.7,2.9,8.0,10.6,0.0,6.1,5.6,14.4,3.9,36.1,3.7,9.7,5.3,63.8,63.8,7.9,8.8,0.0,0.0,89.5,6.9,8.9,0.0,0.0,0.0,0.0,80.5,2.31,3.7,28.7,0.0,23.8,33.2,0.0,4.7,19.7,0.0,0.6,35.6,low,94.62070559753396,81.92979023475999,107.76600604566893,103.16899269133862,114.46986201888163,102.72116479583538,100.0,103.65249360613811,99.78444110782398,510,270301,24
2266,"Census Tract 2708.02, Baltimore city, Maryland",34.8,44.3,6.4,34.0,0.0,30.3,7.1,5.5,94.8,0.0,88.8,13.0,0.3,9.3,24.5,36.7,11.9,3.5,9.5,0.0,10.0,8.3,13.6,1.0,36.0,0.0,19.8,1.8,56.2,56.2,7.7,8.7,36.8,21.7,96.9,0.0,0.0,0.6,0.0,0.0,0.9,39.0,2.2,3.0,15.7,27.0,34.2,21.0,0.0,6.9,18.9,0.0,0.0,4.6,high,87.94706224979745,80.14741338435991,73.49131811954416,91.86755061560731,86.78286129266523,168.50414836505615,100.0,94.55322890025577,95.07485096704173,510,270802,24
2267,"Census Tract 2708.04, Baltimore city, Maryland",15.7,56.0,9.2,0.0,0.0,0.0,3.7,6.1,83.3,1.7,80.3,20.8,6.0,6.4,43.6,23.3,5.7,7.0,14.8,0.0,9.3,11.3,16.8,3.3,24.9,1.2,13.4,5.0,70.6,70.6,14.1,2.7,0.0,11.0,92.4,0.0,2.6,11.3,0.0,1.0,1.1,42.6,1.99,4.0,31.0,2.3,9.4,29.1,1.0,2.9,16.3,0.0,1.0,49.5,low,113.37828889494952,82.19774221115644,113.25529386384927,118.07580279122962,94.86201888162672,100.64925980152921,100.0,84.66272378516625,92.42570651285172,510,270804,24
2268,"Census Tract 2708.05, Baltimore city, Maryland",25.4,31.5,4.5,53.0,0.0,20.5,6.8,8.9,94.6,0.0,94.0,4.4,2.6,14.6,42.0,14.9,9.4,5.3,7.8,0.0,6.8,12.9,10.7,2.8,37.1,10.2,20.3,4.1,61.7,61.7,9.6,8.6,0.0,34.0,81.4,1.2,14.7,0.4,0.0,0.0,0.0,74.7,2.75,2.3,27.0,12.8,30.7,26.4,1.1,7.4,20.2,1.9,0.1,13.1,high,96.43074723556605,101.77609995319028,92.24808115051636,81.12078054359286,86.96441539578795,171.96811452741173,100.0,113.93861892583121,104.78838063240512,510,270805,24
2269,"Census Tract 2711.02, Baltimore city, Maryland",7.2,27.1,4.9,0.0,0.0,0.0,0.0,4.3,87.8,0.5,89.8,16.2,14.9,3.3,60.9,14.8,6.9,5.8,10.3,0.2,0.9,1.1,1.8,51.6,38.9,0.0,0.0,62.4,93.3,93.3,3.3,1.6,0.0,50.0,85.2,0.0,100.0,0.0,0.0,0.0,0.0,100.0,2.62,2.3,23.1,0.0,2.7,1.8,43.7,0.7,6.8,4.0,2.2,70.5,low,18.389343214560842,307.1523581285215,160.01941208745728,269.98659780918854,,145.84268748983246,100.0,103.65249360613811,89.48221267486281,510,271102,24
2270,"Census Tract 2718.02, Baltimore city, Maryland",39.1,37.2,9.2,125.0,7.5,21.3,14.2,3.3,83.9,0.0,97.3,1.0,0.0,8.5,28.8,33.6,6.1,0.8,13.6,0.0,14.8,17.7,3.8,0.5,32.4,9.4,41.4,0.9,32.2,32.2,17.0,30.2,39.8,33.8,67.9,0.0,7.1,1.0,0.0,1.0,2.6,41.0,2.26,2.8,17.4,45.5,12.0,1.9,0.0,9.2,20.4,0.4,0.0,1.6,high,59.36879920424841,59.25708337271087,52.054371296011716,54.91252836797056,86.41975308641976,83.10281438099885,100.0,111.16927749360615,102.433585562014,510,271802,24
2271,"Census Tract 2801.01, Baltimore city, Maryland",28.3,35.9,7.2,38.0,0.0,26.3,5.0,9.7,80.2,0.4,89.2,7.3,0.6,11.5,36.2,21.2,15.8,2.5,4.5,0.0,14.5,6.3,14.7,6.1,32.5,12.3,32.9,3.0,50.3,50.3,9.6,27.9,26.7,54.5,89.7,2.9,2.9,2.3,0.0,0.0,0.8,48.1,2.62,6.9,29.0,25.7,40.8,10.8,0.0,7.3,12.6,0.0,0.0,6.9,high,94.97478260027889,96.8676167114983,85.44471165851535,84.3794785654295,108.75090777051561,125.25313160891491,100.0,116.70796035805628,109.20362138938849,510,280101,24
2272,"Census Tract 2804.02, Baltimore city, Maryland",34.8,35.3,5.2,0.0,0.0,31.7,10.7,9.5,79.5,0.0,97.2,0.8,0.0,13.1,20.2,33.4,20.2,1.5,13.7,0.0,13.1,10.1,11.3,0.0,39.7,4.8,20.7,0.0,66.9,66.9,4.8,10.5,0.0,22.5,86.3,0.0,0.0,0.0,0.0,0.0,0.0,73.8,2.49,0.8,16.7,23.1,59.4,8.7,0.0,4.3,25.3,0.1,0.0,0.2,low,82.17419079704406,68.37737471746406,73.11812797121299,86.94483658262004,145.60639070442994,52.89832438587929,100.0,106.81745524296677,100.37313987542176,510,280402,24
2273,"Census Tract 2804.03, Baltimore city, Maryland",22.7,50.8,4.7,0.0,0.0,0.0,6.4,4.6,80.6,0.7,97.1,3.1,2.9,6.8,30.1,30.2,5.2,1.8,16.8,0.0,5.8,7.0,15.3,6.9,25.4,3.3,14.0,12.6,71.5,71.5,0.9,8.7,35.5,22.8,91.5,0.0,8.5,4.1,0.0,0.0,2.2,41.2,2.62,0.9,18.3,11.8,11.5,12.4,3.0,9.7,16.2,0.4,0.0,25.6,high,115.10335205232285,124.92715071384342,104.63573231663655,112.18241275173781,101.12563543936093,170.41418578168214,100.0,94.94884910485933,106.26012755139958,510,280403,24
2274,"Census Tract 2713, Baltimore city, Maryland",1.1,35.3,4.1,0.0,0.0,50.0,1.1,5.1,79.7,1.3,88.2,7.1,15.0,0.7,76.2,7.7,2.2,15.2,17.6,0.0,0.8,0.9,7.4,38.5,29.1,0.0,0.9,56.3,94.2,94.2,3.2,0.0,0.0,0.0,91.9,0.0,8.7,19.9,0.8,1.9,0.8,68.5,2.65,4.4,17.4,1.5,0.0,1.2,53.2,5.8,24.1,0.0,0.7,87.4,low,224.59812438116592,213.47634718032307,217.37986876519585,220.89812548024517,120.18881626724765,83.36180250528713,100.0,93.36636828644501,86.8330682206728,510,271300,24
2275,"Census Tract 2501.03, Baltimore city, Maryland",16.5,58.8,7.4,0.0,0.0,23.8,21.4,3.9,88.7,0.4,94.2,7.3,14.0,6.3,33.9,24.4,7.1,2.5,11.4,0.0,13.4,15.8,7.4,1.2,39.6,4.4,21.0,1.9,57.5,57.5,5.6,9.8,0.0,13.3,87.1,3.5,9.8,23.4,0.0,4.7,1.8,47.6,2.43,4.0,35.2,18.5,31.3,31.1,0.9,3.2,25.6,0.2,0.0,59.5,high,106.60833660246641,106.71634046615888,87.96657235784417,107.537034720609,61.63761801016704,110.42606149341142,100.0,79.12404092071613,90.36526082625947,510,250103,24
2276,"Census Tract 2801.02, Baltimore city, Maryland",32.2,46.3,6.1,63.0,29.8,0.0,4.0,2.8,95.3,0.0,99.2,0.7,0.5,10.2,33.5,15.3,7.9,10.2,3.9,0.0,11.3,6.1,11.0,0.0,42.3,3.6,16.5,0.0,62.8,62.8,5.5,9.5,0.0,29.8,85.5,3.6,11.6,6.5,2.8,0.7,2.2,63.4,2.73,0.3,30.1,13.0,38.1,26.3,0.0,6.5,28.6,0.0,0.0,2.6,high,102.18379037616572,92.17547988037826,110.2313227831294,90.48087060631511,87.78140885984024,199.97120546608102,100.0,96.13570971867009,99.78444110782398,510,280102,24
2277,"Census Tract 2008, Baltimore city, Maryland",35.1,40.8,6.2,0.0,0.0,0.0,12.5,5.7,89.4,0.0,93.4,3.0,2.2,9.7,30.6,25.4,17.4,2.3,12.3,0.0,17.8,10.3,14.7,1.6,32.0,4.3,37.2,2.8,41.6,41.6,9.2,23.3,0.0,40.2,75.4,4.9,15.6,7.1,0.0,0.6,5.2,56.7,2.7,3.9,25.9,48.9,21.0,11.4,1.6,2.1,16.4,0.7,0.0,9.4,high,89.43701827734813,94.7597278305129,81.70602489977942,90.68887260770894,74.98184458968773,68.89084106068,100.0,104.83935421994886,103.31663371341067,510,200800,24
2278,"Census Tract 2402, Baltimore city, Maryland",3.8,48.4,12.6,43.0,100.0,0.0,0.9,2.2,72.4,0.0,89.9,9.7,14.1,2.6,79.8,2.1,3.7,7.5,24.7,0.0,2.4,3.6,9.3,31.2,16.9,1.1,2.5,45.5,94.9,94.9,0.4,0.0,0.0,0.0,90.0,3.7,11.7,24.5,1.8,1.6,1.6,70.8,2.08,6.8,22.5,0.0,0.0,10.1,28.3,7.8,16.7,1.8,0.6,87.8,low,212.0241418596879,199.1200757338378,188.67815372081657,182.76442522471007,193.99055918663763,95.30762973808362,100.0,81.89338235294117,75.35344225251605,510,240200,24
2279,"Census Tract 2502.04, Baltimore city, Maryland",52.8,36.0,3.5,96.0,0.0,32.3,21.8,5.4,85.1,0.0,98.7,2.5,1.3,16.7,13.5,41.7,8.9,0.0,18.1,0.0,32.9,21.4,3.5,0.9,29.6,9.0,64.9,1.4,17.9,17.9,5.3,58.7,74.5,81.3,88.6,0.0,2.4,7.2,0.0,1.6,1.6,7.5,2.87,1.4,23.1,7.2,40.5,19.8,0.0,8.8,9.6,0.0,0.0,7.5,high,59.62373464622477,62.30776624472081,61.646488987360215,72.38469648505209,26.779230210602762,137.29607938831953,100.0,113.14737851662404,110.08666954078517,510,250204,24
2280,"Census Tract 2502.06, Baltimore city, Maryland",9.7,41.6,11.8,0.0,48.6,0.0,10.3,6.0,90.9,0.0,94.7,9.3,26.1,6.3,35.7,13.4,7.7,0.9,10.4,0.0,14.2,0.8,12.8,2.1,20.4,0.9,16.9,3.6,72.4,72.4,8.8,5.0,0.0,0.0,83.4,9.8,15.1,5.6,7.4,5.6,0.0,72.6,2.7,9.9,21.6,34.8,19.8,29.6,0.0,9.1,16.7,0.8,0.0,75.9,high,88.30113925254238,89.31732546548281,100.64825212567985,102.05964868390487,87.78140885984024,71.739710427851,100.0,101.67439258312021,93.30875466424838,510,250206,24
2281,"Census Tract 2505, Baltimore city, Maryland",19.7,41.1,8.2,145.0,0.0,9.3,20.1,4.2,87.1,0.4,88.2,16.0,7.5,12.6,13.4,22.7,28.1,1.5,15.0,0.0,11.0,13.4,6.7,0.0,25.0,19.3,39.2,0.0,32.6,32.6,9.3,18.5,44.5,59.2,67.1,4.2,11.3,2.4,0.0,1.8,2.9,40.8,2.92,6.2,23.7,33.9,34.0,8.4,0.0,11.5,12.5,2.6,0.4,55.6,high,72.73024897983122,74.55614881022069,61.01545837290933,68.64066045996319,82.15323166303558,142.99381812266145,100.0,104.44373401534529,100.96183864301955,510,250500,24
2282,"Census Tract 2601.01, Baltimore city, Maryland",20.3,41.1,5.0,0.0,0.0,0.0,9.7,4.9,86.4,0.9,87.9,9.5,3.3,7.2,40.0,19.7,6.6,6.1,12.5,0.3,3.7,4.6,9.6,1.4,31.2,1.3,16.4,1.1,63.8,63.8,11.3,4.1,0.0,9.7,88.3,3.0,3.9,1.2,0.0,0.4,0.0,64.5,3.06,2.6,35.1,6.2,27.5,35.1,1.8,4.0,18.0,0.9,0.2,31.5,high,107.3079927598904,100.20411502499778,97.46369619325384,100.0489626704312,95.76978939724039,161.77045713356108,100.0,106.0262148337596,106.84882631899735,510,260101,24
2283,"Census Tract 2603.01, Baltimore city, Maryland",44.8,34.3,4.0,112.0,15.3,18.5,9.0,6.1,74.7,0.0,96.7,4.2,0.5,13.1,24.7,27.6,10.6,2.6,8.4,0.0,15.3,9.8,17.0,0.0,23.2,5.9,35.5,0.0,43.3,43.3,2.7,24.4,27.2,40.3,85.0,4.4,12.3,0.0,0.0,0.0,0.0,59.0,2.54,3.8,25.6,37.9,43.3,6.0,3.2,10.4,8.2,0.0,0.2,6.1,high,90.73152379938361,95.32341939567284,84.12384470927047,80.49677453941138,125.36310820624547,157.98275581584514,100.0,122.64226342710998,118.0341029033552,510,260301,24
2284,"Census Tract 2706, Baltimore city, Maryland",20.8,42.0,11.3,10.0,0.0,11.0,5.2,5.6,95.1,0.0,95.5,1.7,10.2,9.1,42.3,22.9,13.5,7.4,12.6,0.0,0.5,9.3,15.7,2.5,33.7,2.8,12.1,4.2,63.4,63.4,4.4,11.2,21.0,27.2,91.6,3.6,11.1,2.2,0.0,2.9,0.5,79.4,2.74,3.3,29.7,1.0,25.1,42.5,0.0,9.0,17.7,0.4,0.0,39.3,high,116.27605508541406,108.0402217125028,107.4810244778524,111.2810707456979,88.50762527233115,161.22010736944853,100.0,107.21307544757033,100.96183864301955,510,270600,24
2285,"Census Tract 101, Baltimore city, Maryland",7.3,61.8,22.8,0.0,,,2.8,7.0,81.0,0.2,89.9,5.6,19.3,0.5,71.4,6.9,6.4,11.7,18.5,0.0,1.7,3.7,16.7,19.2,16.0,0.6,1.2,25.8,89.9,89.9,0.7,3.0,0.0,17.8,85.5,10.2,9.4,7.8,1.6,1.0,1.6,64.9,1.93,4.5,16.7,0.0,3.0,3.5,9.8,3.9,16.0,0.4,0.2,87.3,low,194.82166475832804,160.0923741643314,164.66506399456168,148.86009899751613,198.5294117647059,97.83276394989426,100.0,81.10214194373401,74.17604471732048,510,010100,24
2286,"Census Tract 704, Baltimore city, Maryland",23.3,60.5,10.8,5.0,0.0,0.0,20.3,2.7,83.2,2.3,90.0,8.7,0.4,12.2,34.2,24.1,5.4,4.7,8.5,0.0,20.7,15.8,2.0,0.0,26.6,10.2,44.9,0.0,39.2,39.2,12.8,40.3,63.9,64.8,86.2,26.2,12.1,49.8,0.6,7.5,12.2,6.0,2.67,5.6,16.7,17.8,13.3,0.0,0.0,7.8,13.9,0.0,0.6,8.2,low,62.974719400202815,106.68458319488225,76.98573496300877,40.76839227319026,88.77995642701526,50.04945501870831,100.0,79.91528132992329,89.48221267486281,510,070400,24
2287,"Census Tract 105, Baltimore city, Maryland",7.0,56.1,21.2,18.0,0.0,0.0,3.1,2.9,70.9,0.7,85.7,22.6,13.9,0.5,81.5,4.7,2.7,5.3,17.6,0.5,4.8,3.2,14.2,15.7,16.8,4.7,10.2,21.1,78.7,78.7,12.2,4.3,0.0,25.7,87.3,3.1,7.0,0.0,0.0,2.4,1.2,64.3,2.35,8.5,20.2,3.9,4.9,4.1,12.8,6.4,9.0,1.2,0.5,91.2,low,173.37592885607293,149.4219310153884,140.58864503101424,148.92943299798074,133.16993464052288,63.97006669920287,100.0,97.71819053708441,93.0144052804495,510,010500,24
2288,"Census Tract 702, Baltimore city, Maryland",43.3,38.1,10.6,39.0,0.0,7.2,18.9,5.1,80.3,0.1,98.9,1.1,0.0,23.8,31.8,31.3,2.5,3.1,14.2,0.0,17.2,16.2,7.6,1.1,21.1,11.0,50.9,0.0,28.5,28.5,12.3,37.4,58.1,58.6,64.5,17.7,13.2,0.0,0.0,0.0,0.0,29.3,2.84,6.2,20.9,26.6,20.7,0.0,4.1,8.1,12.0,0.4,0.0,3.5,high,81.32440599045623,106.28761730392455,74.78504396709222,54.565858365647514,95.49745824255629,98.02700504311046,100.0,120.66416240409208,111.2640670759807,510,070200,24
2289,"Census Tract 703, Baltimore city, Maryland",24.1,43.0,8.4,65.0,9.8,0.0,13.0,3.5,94.6,0.0,88.2,17.0,1.4,13.0,23.6,30.7,17.5,0.0,3.2,0.0,17.9,12.4,7.5,2.9,27.7,21.8,42.0,5.1,32.0,32.0,21.3,28.0,,39.6,57.7,4.7,20.3,0.0,0.0,0.0,2.4,37.5,2.48,6.8,6.5,31.3,36.5,0.0,0.0,0.8,12.0,0.0,0.0,11.2,high,79.86277612312514,128.46213197282174,113.72347786811928,,89.68772694262891,27.71172929884497,100.0,107.21307544757033,106.26012755139958,510,070300,24
2290,"Census Tract 804, Baltimore city, Maryland",26.2,50.6,12.0,28.0,7.8,15.6,19.1,3.8,74.5,6.1,89.0,9.0,1.1,22.7,15.4,42.1,5.3,2.1,8.0,0.0,24.7,14.0,4.0,3.5,28.7,8.5,44.4,0.0,34.2,34.2,10.3,42.9,100.0,48.8,50.2,13.0,3.3,8.9,0.0,0.0,3.9,33.4,2.58,5.7,24.9,27.6,4.5,7.5,0.0,6.9,13.0,0.7,0.0,18.7,low,84.04654998755927,86.06022033017487,74.59505625521453,86.6675005807616,92.13870733478578,41.43809988612331,100.0,123.03788363171356,132.75157209329976,510,080400,24
2291,"Census Tract 1301, Baltimore city, Maryland",15.6,69.4,10.9,0.0,0.0,11.9,7.7,6.2,79.9,0.8,96.0,4.0,1.6,8.8,52.2,25.6,6.4,7.3,14.2,0.0,27.3,13.9,1.5,2.7,26.3,7.3,44.1,9.0,51.9,51.9,6.9,19.3,36.5,33.8,78.4,10.3,8.5,39.6,0.0,3.5,9.7,20.6,2.58,7.4,25.5,4.0,6.3,28.0,0.0,6.3,14.1,2.5,0.0,18.7,high,111.65322573757621,98.09622614401238,92.78411790902841,129.30791086649631,80.51924473493102,88.31495038230031,100.0,73.18973785166241,92.13135712905282,510,130100,24
2292,"Census Tract 1302, Baltimore city, Maryland",23.5,53.4,16.5,35.0,0.0,0.0,9.8,8.3,77.7,1.2,97.1,2.7,6.6,5.8,40.3,25.0,2.7,2.5,20.1,0.0,13.3,10.9,9.8,3.9,30.0,3.9,21.0,6.8,61.6,61.6,4.0,12.3,0.0,41.2,72.2,3.6,9.1,2.2,0.7,1.3,0.0,36.5,2.79,4.6,18.9,1.3,0.0,15.0,3.8,2.8,19.5,0.0,0.0,16.9,low,125.40840914021136,93.09842557685492,111.42779301626389,143.86805096406428,89.77850399419027,88.15308280462014,100.0,98.11381074168798,96.84094726983507,510,130200,24
2293,"Census Tract 1308.06, Baltimore city, Maryland",10.3,56.3,17.9,0.0,0.0,42.6,9.3,2.3,80.8,0.9,93.7,8.8,9.9,1.7,63.0,10.5,5.4,10.5,13.4,0.0,4.2,7.2,15.8,11.6,18.6,4.0,5.3,13.9,81.1,81.1,6.4,0.0,0.0,0.0,87.6,2.7,5.5,15.0,0.0,2.3,5.2,65.4,2.13,6.1,30.9,3.4,18.8,21.9,10.1,3.2,22.4,0.0,1.5,79.7,low,148.913456890431,124.67309254363047,127.39128433093913,96.79026464859456,152.86855482933916,46.52074182528062,100.0,89.80578644501279,87.42176698827058,510,130806,24
2294,"Census Tract 2002, Baltimore city, Maryland",23.8,38.8,3.6,271.0,0.0,39.5,17.8,4.9,75.7,0.0,98.0,4.5,0.7,15.4,17.6,30.3,4.9,2.9,17.9,0.0,10.5,22.5,7.1,1.5,55.6,16.3,38.7,2.4,28.4,28.4,3.9,28.0,100.0,85.3,61.6,5.6,20.5,3.6,0.0,0.4,0.8,47.7,2.16,1.2,17.3,40.4,5.9,4.3,0.0,8.9,23.8,0.4,0.0,4.8,high,60.92673801632612,94.34092881555253,50.606845872181715,58.72589839352407,109.1140159767611,75.91589393199935,100.0,105.23497442455245,104.49403124860623,510,200200,24
2295,"Census Tract 2006, Baltimore city, Maryland",30.1,39.7,6.2,0.0,0.0,19.0,13.4,1.9,96.3,0.0,98.6,2.9,5.4,18.7,19.3,27.4,13.1,1.1,13.2,0.0,12.1,21.0,7.4,1.0,38.2,2.0,25.0,1.7,45.8,45.8,3.8,17.2,0.0,21.2,67.8,0.0,0.0,0.0,0.0,0.0,2.1,55.7,2.43,0.0,15.4,58.1,17.7,3.4,0.0,5.1,14.6,2.8,0.0,33.0,high,73.13814568699337,61.02159675801786,65.61813686899379,76.26740051107022,101.39796659404503,74.20009760858956,100.0,111.96051790281332,110.38101892458405,510,200600,24
2296,"Census Tract 2007.01, Baltimore city, Maryland",37.7,41.0,8.9,35.0,19.6,0.0,15.5,8.3,85.6,0.0,97.0,3.2,0.5,24.5,27.4,18.3,12.2,4.6,5.8,0.0,9.9,15.1,9.9,0.4,44.2,7.1,41.2,0.0,38.0,38.0,9.5,23.5,10.0,34.7,85.4,2.9,3.6,4.7,0.0,1.8,1.7,48.1,2.43,2.4,22.8,65.5,18.7,2.4,0.0,6.4,20.6,0.0,0.3,2.5,high,84.1286958521961,99.64439311874742,74.1721074204392,78.27808652454388,78.24981844589688,158.79209370424599,100.0,106.81745524296677,102.433585562014,510,200701,24
2297,"Census Tract 2708.03, Baltimore city, Maryland",21.1,50.3,2.6,29.0,0.0,0.0,6.6,5.9,88.7,0.3,95.9,4.8,1.3,9.7,37.2,20.0,13.0,7.5,4.4,0.0,5.3,7.6,12.8,3.4,37.1,3.7,16.9,6.8,76.7,76.7,1.4,0.9,0.0,3.7,93.0,14.5,0.0,20.9,0.0,4.7,5.4,36.3,3.16,5.6,24.3,17.8,43.4,32.8,0.0,3.9,23.7,0.4,0.1,8.9,high,115.29313732579412,94.08488581588482,96.50471059996646,92.00621861653651,104.03050108932463,221.62908735968765,100.0,89.80578644501279,101.25618802681844,510,270803,24
2298,"Census Tract 1204, Baltimore city, Maryland",28.5,52.6,10.8,0.0,0.0,11.9,8.2,6.0,71.0,0.0,92.9,10.0,4.5,8.3,44.3,25.8,14.7,8.6,18.3,0.0,19.0,8.2,10.2,1.0,21.7,8.7,38.1,2.2,44.6,44.6,11.2,31.0,100.0,56.0,71.6,22.8,7.4,3.4,2.5,3.2,3.7,28.5,2.36,5.7,15.0,29.5,13.2,12.6,7.4,4.5,8.5,0.0,0.0,24.9,high,91.33203839603901,89.04143417126721,88.77402013332436,95.33425063883777,89.86928104575163,56.42703757930698,100.0,101.67439258312021,109.79232015698625,510,120400,24
2299,"Census Tract 1306, Baltimore city, Maryland",4.3,50.2,18.1,0.0,,,4.1,0.7,77.8,0.0,92.8,7.6,16.2,2.7,67.6,9.2,3.6,8.6,19.1,0.0,2.6,4.7,14.5,11.1,12.2,3.8,5.4,15.3,81.0,81.0,4.0,8.3,6.3,20.5,89.1,4.3,7.8,5.0,0.0,2.1,2.2,59.6,2.16,4.9,20.1,4.7,4.4,17.9,0.0,5.9,9.4,0.0,1.1,88.8,low,140.038870893632,122.84903427467985,119.54976769903504,113.70776076195924,134.62236746550474,115.83243858792906,100.0,86.24520460358058,75.94214102011382,510,130600,24
2300,"Census Tract 1308.04, Baltimore city, Maryland",14.2,61.3,23.0,0.0,9.8,90.2,6.8,8.1,79.1,0.0,95.7,4.2,22.6,7.0,54.3,15.4,14.2,9.1,13.6,0.0,4.7,7.6,17.1,4.2,17.8,2.6,10.8,5.4,68.2,68.2,7.9,16.8,0.0,11.0,91.4,0.0,0.0,3.6,1.1,6.6,3.6,52.1,2.17,6.8,19.3,1.3,17.3,22.8,0.0,2.0,10.9,0.0,0.0,90.0,low,108.20309942282958,92.86223087173508,97.47726674410224,98.03827665695752,109.38634713144518,64.16430779241907,100.0,86.64082480818415,81.53477931229276,510,130804,24
2301,"Census Tract 1602, Baltimore city, Maryland",30.8,38.9,10.2,35.0,9.7,9.7,18.0,5.0,89.4,0.0,99.4,3.2,0.0,13.3,15.3,47.8,6.8,1.1,11.9,0.0,23.0,11.8,11.4,0.8,26.9,8.4,44.7,1.4,46.2,46.2,6.9,30.6,100.0,63.5,63.3,0.0,6.5,13.8,0.0,5.2,3.2,35.6,2.72,2.5,29.8,47.6,24.5,6.8,0.0,9.5,15.0,0.0,0.0,1.1,low,79.1602873496792,61.43245645515908,105.8027996895995,62.60860241954218,69.98910675381265,70.86562550837807,100.0,104.83935421994886,95.95789911843839,510,160200,24
2302,"Census Tract 2709.01, Baltimore city, Maryland",21.2,45.4,9.0,0.0,0.0,5.7,8.7,3.3,73.1,0.0,94.6,2.1,1.5,7.4,21.3,28.6,10.0,4.8,2.3,0.0,4.4,17.7,18.3,1.7,35.3,4.8,17.5,1.8,64.6,64.6,4.3,3.9,5.8,5.7,95.5,0.0,1.1,4.3,0.0,1.2,3.3,51.9,2.79,2.0,19.3,12.9,51.9,23.8,0.9,8.1,20.4,1.2,0.0,4.0,low,85.65547588803226,75.5723814910724,73.74237331023967,93.53156662675792,94.680464778504,140.76004555067513,100.0,99.69629156010231,99.1957423402262,510,270901,24
2303,"Census Tract 2714, Baltimore city, Maryland",6.0,35.0,9.7,29.0,0.0,0.0,0.4,1.9,80.7,6.9,81.2,17.8,10.9,3.3,79.7,5.3,9.6,5.2,20.4,0.0,4.8,3.4,9.7,33.8,26.2,0.6,1.0,48.3,94.8,94.8,3.0,1.9,10.3,32.7,91.8,0.0,10.0,30.2,0.0,2.6,3.7,68.7,2.64,4.3,25.5,0.0,4.1,6.5,38.7,6.8,21.0,0.3,3.1,81.3,low,144.50873897628404,193.52087184187943,170.57503888904262,196.3538893157735,122.63979665940452,130.7890027655767,100.0,99.30067135549872,86.8330682206728,510,271400,24
2304,"Census Tract 2716, Baltimore city, Maryland",33.6,39.8,6.0,0.0,30.6,23.0,20.9,8.0,82.9,0.2,96.0,3.2,0.0,23.1,24.4,43.8,7.4,9.3,11.1,0.0,22.0,9.2,12.7,1.4,35.4,16.4,43.9,2.3,42.6,42.6,10.5,34.7,16.2,49.4,80.7,4.7,0.0,0.8,0.0,0.0,0.0,36.6,3.18,5.6,21.4,37.9,34.1,8.0,0.0,5.1,19.4,0.5,0.0,3.2,high,77.15762782215386,62.02592046214084,77.88591483595305,81.53678454638052,85.14887436456064,139.52985196030585,100.0,107.60869565217392,105.6714287838018,510,271600,24
2305,"Census Tract 2803.02, Baltimore city, Maryland",32.3,43.0,3.9,59.0,0.0,28.1,5.2,7.6,79.4,0.0,95.0,3.8,0.6,8.5,31.6,33.3,8.8,4.7,8.6,0.0,6.7,15.6,5.4,3.6,28.6,3.4,26.3,2.5,58.6,58.6,4.0,17.6,71.4,37.0,89.4,2.8,4.3,1.1,0.0,0.0,1.7,30.9,2.81,10.1,14.4,12.3,36.6,20.7,5.8,8.6,13.9,0.6,0.0,4.5,low,102.50670860266911,99.65431726602135,82.60168125577424,99.3556226657851,95.40668119099493,79.76834228078738,100.0,97.71819053708441,100.07879049162287,510,280302,24
2306,"Census Tract 2007.02, Baltimore city, Maryland",33.2,30.7,11.0,84.0,0.0,34.9,11.1,7.9,93.2,0.0,100.0,2.1,0.0,5.2,16.4,48.0,9.4,1.1,11.6,0.0,9.6,13.4,11.8,0.0,32.0,13.1,41.8,0.0,53.1,53.1,7.3,24.0,0.0,24.0,66.1,0.0,10.3,0.0,0.0,0.0,0.0,67.3,2.54,0.0,31.0,55.1,33.0,9.0,0.0,3.8,20.5,1.0,0.0,2.9,low,85.17959639634306,61.06526300602321,73.37823019580743,73.1473704901628,125.09077705156137,35.25475841874085,100.0,108.3999360613811,90.65961021005837,510,200702,24
2307,"Census Tract 2301, Baltimore city, Maryland",10.6,64.3,19.2,30.0,,,4.2,2.8,80.4,0.4,96.3,5.7,18.2,4.8,66.1,14.0,5.7,9.8,21.0,0.0,3.5,12.0,8.7,11.9,14.4,5.9,12.1,16.8,75.3,75.3,5.5,16.8,0.0,52.4,88.1,0.0,7.3,5.0,0.0,1.9,0.0,39.3,2.33,11.2,8.2,1.9,4.8,7.6,9.8,6.5,7.8,0.0,0.7,66.9,low,151.42315468588708,142.19516697050344,128.23265848354032,140.26268293990458,141.88453159041396,59.17878639986986,100.0,89.01454603580564,96.54659788603618,510,230100,24
2308,"Census Tract 2502.05, Baltimore city, Maryland",23.6,37.9,6.7,22.0,100.0,0.0,12.9,2.4,90.2,0.0,80.8,26.2,4.8,10.6,17.9,43.8,12.8,2.4,11.7,0.0,8.5,13.4,16.1,0.5,14.5,5.3,21.0,0.0,48.1,48.1,11.6,14.8,17.5,41.0,81.6,11.3,9.7,0.0,0.0,0.4,0.6,43.7,2.86,10.2,27.0,26.7,26.8,16.9,0.0,6.7,7.9,0.0,0.0,39.1,high,80.27633806233122,72.14458102265266,86.51226165858998,81.3981165454513,104.12127814088599,129.68830323735156,100.0,107.21307544757033,102.13923617821511,510,250205,24
2309,"Census Tract 2704.02, Baltimore city, Maryland",20.7,35.5,5.4,0.0,0.0,8.9,7.9,8.1,93.9,0.0,91.8,3.0,5.5,3.9,43.8,15.6,8.9,6.5,8.6,0.0,6.5,5.6,17.7,0.8,30.4,5.1,17.5,1.2,68.6,68.6,4.5,1.8,0.0,6.5,82.5,3.9,19.0,1.4,0.0,1.9,0.0,83.7,3.3,1.0,23.6,2.2,23.9,34.7,0.0,7.3,16.4,3.1,0.0,36.7,low,124.2045473308786,102.24650453397514,111.88692998663497,119.87848680330946,134.44081336238202,116.9007646006182,100.0,123.82912404092072,119.21150043855077,510,270402,24
2310,"Census Tract 2504.02, Baltimore city, Maryland",24.9,37.4,13.0,62.0,0.0,27.3,12.2,2.4,84.5,0.0,88.7,11.4,4.2,11.1,22.3,14.8,27.2,1.1,11.8,0.0,13.9,5.4,21.0,4.0,22.3,5.5,35.7,0.0,51.1,51.1,9.4,24.6,9.4,56.3,73.5,7.2,7.8,0.6,0.0,1.0,1.1,39.5,2.98,6.4,26.0,50.9,17.5,4.4,1.8,6.2,6.2,6.4,0.0,44.3,high,91.22439898720455,71.38042168255907,113.29826727486922,76.68340451385787,78.52214960058099,144.09451765088662,100.0,114.3342391304348,100.37313987542176,510,250402,24
2311,"Census Tract 2605.01, Baltimore city, Maryland",17.1,45.4,19.8,48.0,0.0,0.0,14.0,3.3,91.6,1.1,66.9,49.5,5.2,4.5,28.6,26.7,11.9,5.3,17.0,0.0,5.5,8.5,21.4,1.2,35.2,0.6,15.1,2.3,37.4,37.4,20.9,6.5,22.2,17.2,83.8,1.4,19.9,4.5,0.0,0.7,1.1,56.1,2.4,2.2,27.3,27.9,41.2,19.3,0.7,9.3,18.7,2.3,0.2,64.9,high,88.21899338790557,76.68587081520876,103.9549430157415,80.21943853755295,101.57952069716775,178.3456970880104,100.0,116.31234015345268,102.72793494581289,510,260501,24
2312,"Census Tract 2611, Baltimore city, Maryland",0.6,59.2,22.9,0.0,0.0,23.5,3.4,2.7,71.3,0.2,96.2,3.1,19.7,5.3,69.1,5.1,4.3,11.7,21.6,0.6,1.7,3.1,10.8,13.9,9.7,0.6,2.1,25.0,88.3,88.3,3.4,0.9,0.0,0.0,83.2,1.7,17.5,0.0,0.5,0.0,3.8,75.5,2.06,7.1,22.4,0.9,1.4,6.0,8.3,7.6,8.6,0.0,0.5,89.9,low,180.46879937505943,155.6860527747009,160.69115435445337,151.14812101284824,155.04720406681193,58.01333984057264,100.0,83.87148337595909,75.35344225251605,510,261100,24
2313,"Census Tract 2705.02, Baltimore city, Maryland",16.3,44.1,6.3,10.0,12.7,21.1,6.2,3.6,93.9,0.0,95.8,3.4,5.2,8.7,47.3,16.7,12.9,6.8,7.7,0.0,8.1,7.7,16.1,5.5,25.9,1.6,14.1,9.9,74.7,74.7,3.6,6.9,17.6,26.4,88.9,4.1,0.0,0.5,0.0,0.0,1.4,68.7,2.62,3.8,27.7,3.5,24.0,43.6,0.8,5.7,15.7,0.0,0.0,40.5,high,117.45159073452724,108.22481085179814,103.6450821047029,111.9050767498794,85.96586782861293,137.9435496990402,100.0,92.57512787723785,92.42570651285172,510,270502,24
2314,"Census Tract 2606.05, Baltimore city, Maryland",9.7,46.5,6.7,93.0,0.0,5.0,20.7,3.9,85.3,0.4,76.2,28.7,9.7,11.8,26.7,10.9,12.7,8.2,11.7,0.0,5.4,15.0,11.1,0.6,30.7,3.5,22.4,0.0,39.1,39.1,16.5,22.0,46.2,43.1,85.7,0.0,10.6,7.6,1.7,2.1,2.3,53.3,2.75,4.0,24.0,32.9,23.8,15.6,0.0,13.4,16.3,0.2,0.3,66.1,high,78.31333515911332,75.18732457684342,87.5526705569678,79.38743053197763,97.94843863471316,151.66992028631853,100.0,108.3999360613811,114.79625968156742,510,260605,24
2315,"Census Tract 1606, Baltimore city, Maryland",32.2,43.2,11.9,28.0,0.0,14.7,10.4,7.9,87.0,0.0,98.5,2.8,0.8,5.4,26.1,28.8,2.8,3.1,9.9,0.0,12.9,12.1,12.8,1.2,34.6,13.9,41.1,2.0,39.7,39.7,7.7,27.5,53.8,37.2,63.2,1.3,0.0,13.3,0.0,1.4,4.2,42.1,3.27,4.4,19.9,52.3,18.9,6.6,0.0,9.4,16.5,0.0,0.0,2.6,high,84.23916787705251,70.92391090795772,69.82726939047447,67.46198245206485,69.08133623819899,110.16707336912314,100.0,119.47730179028133,115.6793078329641,510,160600,24
2316,"Census Tract 2401, Baltimore city, Maryland",4.2,48.9,11.0,0.0,0.0,0.0,3.0,5.4,76.5,0.9,92.4,7.7,20.9,1.8,70.4,4.4,4.2,10.3,21.9,0.0,4.2,1.4,8.0,30.1,9.2,0.5,1.1,38.2,92.8,92.8,0.9,0.0,0.0,0.0,88.3,5.6,5.3,23.0,0.7,5.4,2.6,63.7,2.08,9.4,18.9,0.0,2.5,5.9,16.5,8.1,9.7,0.0,0.5,91.9,low,225.8728015910477,211.11440012912476,162.21105604947488,175.69235717731993,177.19680464778506,106.4764925980153,100.0,80.31090153452685,76.23649040391271,510,240100,24
2317,"Census Tract 2715.03, Baltimore city, Maryland",3.3,75.6,4.8,220.0,,,0.7,7.7,90.3,0.0,90.7,9.0,16.7,3.6,81.5,4.4,5.2,15.8,17.0,0.0,2.8,2.5,16.1,12.6,53.1,0.9,0.9,33.1,85.9,85.9,2.7,6.4,0.0,0.0,92.7,0.0,16.7,39.1,0.0,0.0,0.0,84.5,1.34,4.5,30.6,4.0,27.6,22.2,7.4,1.5,56.4,1.6,0.0,88.5,low,207.08689213341253,159.7787711104748,183.20243645348467,112.25174675220244,122.18591140159769,27.517488205628766,100.0,52.22186700767264,60.341623678772606,510,271503,24
2318,"Census Tract 1002, Baltimore city, Maryland",37.6,48.2,2.6,0.0,,,29.5,0.0,81.7,0.0,96.4,2.7,1.3,15.4,27.8,26.4,18.7,0.0,17.9,0.0,43.8,11.1,9.5,0.0,25.0,15.7,64.7,0.0,27.0,27.0,2.0,42.9,100.0,57.1,82.4,0.0,7.9,16.3,0.0,1.3,3.5,9.7,1.87,3.2,37.1,61.8,25.5,0.0,0.0,3.9,10.7,0.4,0.0,3.1,high,53.69223669624164,40.19279645946727,70.17331843710882,66.5606404460249,31.681190994916484,88.1207092890841,100.0,85.05834398976982,91.83700774525393,510,100200,24
2319,"Census Tract 1508, Baltimore city, Maryland",25.3,49.2,8.4,17.0,13.0,5.7,8.2,3.3,77.9,0.2,94.2,3.3,0.5,14.5,32.5,28.9,5.1,2.2,17.2,0.0,19.4,10.4,13.3,2.0,36.7,10.4,36.0,3.6,49.1,49.1,7.4,18.4,16.4,46.3,76.4,2.2,3.9,6.4,1.0,0.3,1.9,46.1,3.56,7.4,17.1,14.9,18.7,32.7,1.2,6.7,19.6,1.5,0.0,2.3,high,90.70319763916402,81.37006832850963,101.0734627189299,113.22242275870695,85.69353667392883,168.40702781844803,100.0,108.3999360613811,116.85670536815964,510,150800,24
2320,"Census Tract 1703, Baltimore city, Maryland",32.1,57.2,6.3,43.0,41.4,0.0,18.5,5.4,90.2,1.2,95.8,4.8,0.0,10.9,42.3,17.2,10.6,1.4,13.4,0.0,22.2,19.9,5.3,2.5,30.5,8.5,41.2,1.8,49.6,49.6,5.7,32.5,44.2,48.1,62.7,9.1,11.8,9.3,0.0,2.0,0.0,34.7,2.05,0.8,43.2,6.2,42.7,24.8,6.2,5.8,19.1,0.0,0.0,3.4,low,76.86303575587007,119.64154987574163,122.63028274162326,80.21943853755295,64.72403776325345,55.00260289572149,100.0,85.05834398976982,99.49009172402509,510,170300,24
2321,"Census Tract 2404, Baltimore city, Maryland",4.1,59.4,21.7,0.0,,,9.5,1.7,82.2,0.2,96.7,2.7,24.1,2.2,70.4,9.6,9.9,5.8,16.8,0.0,1.3,2.4,19.7,7.9,13.9,0.9,1.4,13.6,85.1,85.1,5.0,0.0,0.0,0.0,88.1,3.6,9.2,12.5,0.0,3.6,0.5,61.0,2.21,6.3,20.2,0.0,0.0,5.0,3.5,7.3,9.7,0.3,0.4,97.5,low,169.28846393638543,159.68945378500933,131.0417625091604,148.02809099194084,180.4647785039942,86.40491296567431,100.0,92.57512787723785,89.7765620586617,510,240400,24
2322,"Census Tract 2709.02, Baltimore city, Maryland",29.3,32.5,3.6,22.0,32.4,0.0,6.5,5.7,86.2,0.4,96.2,3.7,1.0,12.9,41.6,13.6,8.8,4.4,4.6,0.0,4.9,8.8,17.2,1.2,45.9,4.7,17.8,1.1,73.7,73.7,4.3,8.9,0.0,19.0,92.9,3.0,9.6,0.0,0.0,0.0,0.0,85.4,2.58,0.4,25.8,3.7,32.3,52.2,0.0,3.3,18.9,0.7,0.1,5.9,low,59.30931426778727,82.98373467525269,85.98527193397686,101.50497668018798,129.08496732026146,173.61916381974947,100.0,108.3999360613811,101.25618802681844,510,270902,24
2323,"Census Tract 2710.02, Baltimore city, Maryland",33.8,37.4,4.9,76.0,15.5,25.0,10.6,7.7,89.3,0.0,95.3,2.6,1.1,16.7,36.3,26.1,4.4,3.9,4.1,0.0,14.9,10.8,9.4,2.5,44.8,9.8,27.5,1.7,46.5,46.5,8.2,25.7,54.4,71.6,84.9,2.4,15.0,0.6,0.7,0.0,1.7,69.4,2.61,3.4,28.3,33.0,34.5,21.0,0.0,11.5,23.8,0.9,0.0,4.1,high,87.31538887690049,87.9398538238596,73.35335085258536,82.09145655009739,93.13725490196079,136.06588579795022,100.0,109.58679667519182,106.26012755139958,510,271002,24
2324,"Census Tract 2604.02, Baltimore city, Maryland",28.3,43.6,5.7,67.0,0.0,0.0,7.9,3.6,92.5,1.2,85.5,13.5,0.0,9.9,30.0,25.1,12.8,5.4,9.7,0.0,12.1,18.3,12.7,0.0,18.5,1.9,27.3,0.0,61.4,61.4,6.1,26.9,24.3,39.7,93.7,4.0,3.8,4.0,0.0,4.0,0.5,33.4,3.49,6.3,39.7,7.8,29.3,4.6,0.0,8.4,11.7,0.0,0.2,6.7,low,75.66200656255926,83.5494110698674,73.91200519584476,117.79846678937118,78.9760348583878,104.82544330567758,100.0,104.44373401534529,107.14317570279626,510,260402,24
2325,"Census Tract 2712, Baltimore city, Maryland",4.5,27.4,9.0,0.0,0.0,0.0,2.7,3.3,87.1,0.0,89.6,8.6,24.7,2.7,68.9,10.0,9.2,12.8,14.7,0.0,1.4,1.7,11.6,38.3,26.8,3.0,4.4,46.7,90.8,90.8,2.2,2.1,0.0,0.0,93.0,1.8,8.2,0.7,0.0,0.0,1.3,83.7,2.93,5.7,24.3,0.7,0.0,1.4,48.1,7.0,18.7,0.3,0.7,80.8,high,211.9334981469852,286.28386124087507,170.9504907958485,216.5300834509748,137.52723311546842,208.2911989588417,100.0,111.56489769820972,93.0144052804495,510,271200,24
2326,"Census Tract 2804.04, Baltimore city, Maryland",34.0,40.8,4.1,22.0,0.0,23.4,16.2,6.9,89.8,0.0,99.0,0.7,0.3,9.6,21.6,27.0,17.8,1.9,4.1,0.3,17.2,10.3,8.1,3.8,25.1,9.9,43.9,6.5,45.8,45.8,6.8,35.5,41.7,54.3,86.1,6.8,13.8,4.7,5.4,1.2,1.0,37.3,3.19,4.3,15.5,22.6,40.3,12.8,7.4,9.5,19.1,0.8,0.0,4.6,low,90.85332628832786,96.76043592093971,90.39796271818363,78.90209252872536,59.09586056644881,91.03432568732715,100.0,98.90505115089515,98.9013929564273,510,280404,24
2327,"Census Tract 901, Baltimore city, Maryland",21.4,46.1,6.9,29.0,0.0,0.0,15.1,5.9,84.7,0.0,96.1,4.7,3.2,10.7,32.5,20.4,12.6,1.7,10.8,0.0,8.8,9.2,12.2,1.7,39.0,2.5,26.0,3.2,62.8,62.8,4.3,14.6,0.0,34.0,83.5,7.0,14.0,3.2,0.5,2.5,3.3,56.2,2.6,2.4,18.9,23.6,42.2,24.9,1.1,5.7,20.8,0.0,0.2,13.2,high,81.10912717278731,85.9689181752546,91.18731642586594,81.19011454405747,88.1445170660857,133.89686025703597,100.0,99.30067135549872,102.433585562014,510,090100,24
2328,"Census Tract 2003, Baltimore city, Maryland",42.3,39.2,12.9,65.0,21.3,0.0,26.2,0.7,77.8,0.0,94.5,9.1,3.5,25.2,28.8,30.7,6.5,3.3,10.1,0.0,28.0,15.3,4.2,0.0,29.4,4.4,55.1,0.0,20.5,20.5,6.6,36.8,58.9,48.0,52.4,6.2,9.8,0.0,0.0,0.0,3.9,23.7,3.08,8.9,10.9,21.2,7.6,4.2,0.0,11.9,9.1,2.9,0.0,27.7,high,89.09427173869103,76.91214137305464,91.60121822674233,41.39239827737175,97.22222222222223,49.110623068163335,100.0,119.47730179028133,108.32057323799182,510,200300,24
2329,"Census Tract 2715.01, Baltimore city, Maryland",5.6,43.5,4.6,0.0,,,1.7,1.7,86.9,0.2,90.7,8.7,13.5,4.7,78.1,6.5,4.8,9.8,16.0,0.0,4.6,1.9,11.5,19.3,25.7,0.2,2.9,32.0,89.3,89.3,1.5,2.1,0.0,0.0,92.4,4.0,4.7,1.4,0.0,1.5,0.0,63.9,2.71,2.8,21.1,3.0,1.3,7.2,24.0,10.1,20.5,0.9,0.0,80.3,low,178.65025988896147,165.62012419591738,137.20279259433684,168.34295312807134,110.29411764705883,134.73857166097284,100.0,92.57512787723785,93.60310404804729,510,271501,24
2330,"Census Tract 2502.03, Baltimore city, Maryland",35.9,35.9,5.3,45.0,0.0,21.5,10.1,6.7,89.2,0.7,92.0,11.7,0.3,5.6,24.4,20.4,10.9,2.8,3.2,0.0,12.0,10.2,11.0,1.7,34.5,7.5,24.9,2.6,36.7,36.7,11.1,17.7,55.0,23.1,85.9,3.3,1.8,0.0,0.0,1.4,0.0,31.2,2.15,1.9,25.7,45.1,19.0,15.0,0.0,9.6,13.6,0.0,0.0,13.4,low,94.41958985997483,80.49674336840269,91.88393803608412,73.70204249387967,102.12418300653596,64.03481373027493,100.0,108.0043158567775,102.433585562014,510,250203,24
2331,"Census Tract 2805, Baltimore city, Maryland",33.5,62.6,4.5,44.0,0.0,0.0,29.5,4.9,84.4,0.5,97.7,2.5,3.4,17.3,18.7,35.4,17.8,0.0,7.3,0.0,37.1,25.0,3.2,0.7,33.2,8.9,70.2,1.9,28.0,28.0,11.1,65.6,87.9,75.5,91.7,0.0,3.5,37.9,0.0,3.5,6.1,6.7,2.77,3.2,29.9,24.2,63.6,12.1,0.0,6.6,14.8,0.0,0.0,7.0,high,42.996278597322714,102.87966513005269,78.97382066230028,92.5608906202534,24.600580973129997,72.45192776964373,100.0,78.33280051150896,99.78444110782398,510,280500,24
2332,"Census Tract 909, Baltimore city, Maryland",48.6,43.2,4.8,18.0,0.0,52.0,11.5,5.2,85.0,0.7,98.9,0.7,0.0,28.4,38.2,23.3,10.7,2.0,9.5,0.0,6.4,31.9,0.0,1.2,40.2,6.0,37.9,2.1,30.9,30.9,9.5,13.7,35.7,21.7,66.9,0.0,5.6,19.2,0.0,4.5,1.6,21.8,3.03,1.4,10.2,45.8,16.4,0.0,0.0,6.0,19.3,0.0,0.0,5.6,high,84.68388859250014,80.3578053065675,75.00443453914146,74.81138650131342,72.1677559912854,79.83308931185944,100.0,105.23497442455245,108.9092720055896,510,090900,24
2333,"Census Tract 601, Baltimore city, Maryland",23.5,37.6,11.7,72.0,8.0,30.7,6.4,2.9,82.7,0.5,85.1,21.0,1.9,6.1,32.2,20.3,14.8,3.9,4.9,0.0,11.6,17.2,11.2,6.6,17.9,11.8,22.0,6.8,53.6,53.6,8.0,40.9,50.0,88.2,75.4,10.1,12.1,0.0,0.0,0.0,0.0,49.4,2.43,8.3,26.4,13.2,6.8,24.8,4.5,12.8,7.1,2.2,0.5,32.9,high,90.82500012810827,97.21694669554107,90.9611405783925,106.56635871410447,120.00726216412491,96.27883520416464,100.0,123.82912404092072,112.44146461117627,510,060100,24
2334,"Census Tract 902, Baltimore city, Maryland",12.4,47.9,8.6,0.0,18.0,0.0,6.3,4.9,83.2,0.3,95.6,3.2,5.2,6.4,51.7,17.5,13.3,5.8,6.7,0.0,0.0,11.1,11.4,4.7,43.1,0.0,12.2,7.5,82.7,82.7,4.1,2.8,0.0,0.0,91.7,0.0,14.3,4.0,0.0,0.0,5.3,88.4,2.46,2.6,18.7,6.8,24.4,30.9,0.6,2.9,27.2,1.1,0.0,21.2,high,128.45630397983976,126.4832570063976,137.86774958590877,104.83300870248924,83.60566448801744,93.98031560110624,100.0,94.55322890025577,96.2522485022373,510,090200,24
2335,"Census Tract 906, Baltimore city, Maryland",34.9,31.5,3.0,41.0,0.0,24.8,28.9,2.1,79.7,0.0,99.0,1.6,0.0,26.0,14.1,33.5,12.2,2.3,9.9,0.0,5.6,19.7,2.4,0.0,49.9,11.0,35.5,0.0,54.2,54.2,10.2,22.8,27.8,42.7,65.7,0.0,33.2,0.0,0.0,0.0,0.0,66.3,3.07,2.6,15.0,35.4,14.1,20.1,2.9,7.8,17.6,0.0,0.0,9.8,low,101.76739582093768,92.43152288004597,93.00577023955238,73.9100444952735,110.65722585330428,100.90824792581748,100.0,137.28021099744248,131.2798251743053,510,090600,24
2336,"Census Tract 1001, Baltimore city, Maryland",37.6,52.8,8.1,164.0,0.0,50.8,13.7,2.4,91.0,0.0,97.1,2.6,0.0,8.3,21.0,47.5,9.8,1.1,4.2,0.0,26.7,10.8,1.5,0.0,34.1,7.2,55.1,0.0,36.7,36.7,4.1,27.7,81.3,64.3,74.3,18.4,3.6,20.9,1.2,1.8,6.6,28.1,2.49,1.6,17.8,46.9,27.2,6.7,2.9,5.2,14.7,0.0,0.0,1.7,high,60.54150223733964,92.21120681056446,65.55933114865068,86.6675005807616,64.36092955700799,72.29006019196356,100.0,103.65249360613811,117.15105475195853,510,100100,24
2337,"Census Tract 1501, Baltimore city, Maryland",32.8,59.2,10.0,44.0,16.1,0.0,20.3,0.7,91.6,0.0,98.4,1.9,1.0,19.2,15.7,26.5,3.3,5.1,0.0,0.0,23.4,14.1,3.2,1.1,42.9,14.0,45.9,2.6,22.4,22.4,7.6,49.1,0.0,68.7,62.4,0.0,12.7,10.3,0.0,0.6,0.5,36.2,3.16,4.2,35.3,61.2,6.4,8.7,0.0,7.1,20.6,0.0,0.0,1.3,high,43.780913235405485,43.441962276956055,73.27192754749493,63.995282428834365,33.76906318082789,70.96274605498617,100.0,90.59702685421995,105.96577816760069,510,150100,24
2338,"Census Tract 1509, Baltimore city, Maryland",30.0,39.0,4.9,41.0,12.1,13.6,11.5,7.0,90.2,0.0,92.2,4.2,0.2,7.5,40.4,14.8,9.1,4.7,7.8,0.0,0.0,13.2,13.3,1.7,35.9,3.2,17.2,2.8,61.2,61.2,10.0,17.1,0.0,59.8,76.7,2.2,11.7,0.0,0.0,1.0,0.0,66.0,2.54,4.2,24.8,23.8,38.8,9.7,0.0,4.1,20.7,1.9,0.0,5.2,high,86.4344452940711,96.05185180558021,109.19996091865052,93.87823662908097,87.05519244734931,108.74263868553766,100.0,105.23497442455245,103.02228432961178,510,150900,24
2339,"Census Tract 2004, Baltimore city, Maryland",36.7,39.4,10.5,166.0,12.7,15.5,20.8,2.8,70.5,0.0,95.9,2.9,5.6,15.3,14.8,27.1,21.2,2.6,7.6,0.0,15.1,14.7,1.9,0.0,21.3,1.9,46.3,0.0,28.8,28.8,5.4,31.7,20.8,43.2,58.2,4.3,14.2,9.6,0.0,0.5,0.9,33.5,2.8,5.8,24.1,42.7,10.1,12.9,0.0,10.4,10.7,0.0,0.0,3.9,low,50.50837628755921,58.9256168537612,75.6920091154607,54.35785636425368,85.23965141612202,52.57458923051895,100.0,121.05978260869566,113.61886214637184,510,200400,24
2340,"Census Tract 2005, Baltimore city, Maryland",14.1,41.7,15.0,100.0,0.0,0.0,24.9,5.2,81.0,0.0,81.5,29.1,10.2,9.5,25.2,24.1,5.5,2.4,8.0,0.0,20.2,13.2,9.3,0.0,32.5,4.0,53.1,0.0,32.4,32.4,13.0,13.8,20.7,15.9,63.3,6.2,0.0,6.9,0.0,0.0,3.2,33.2,3.78,3.4,21.6,12.6,16.0,3.1,0.0,13.9,16.2,4.2,0.0,35.5,high,67.50973765135991,58.48101505588858,74.31459820434748,71.691356480406,88.77995642701526,92.78249552627298,100.0,118.29044117647061,107.14317570279626,510,200500,24
2341,"Census Tract 2501.01, Baltimore city, Maryland",38.1,35.3,7.9,26.0,6.2,11.4,8.9,11.2,81.9,0.0,95.9,5.2,1.4,5.7,30.5,26.0,8.4,4.0,11.2,0.0,5.3,10.5,12.0,3.8,24.7,4.7,19.8,4.6,69.2,69.2,4.4,16.1,4.3,34.4,94.3,1.8,6.0,0.5,0.0,0.5,0.0,57.0,2.87,5.4,19.1,4.1,45.3,27.4,1.1,6.8,15.8,4.1,0.0,18.8,low,116.97571124283806,89.34114341894028,107.31817786767152,89.99553260306286,96.7683369644154,140.50105742638686,100.0,105.23497442455245,95.36920035084063,510,250101,24
2342,"Census Tract 2604.04, Baltimore city, Maryland",26.6,32.6,15.8,217.0,0.0,0.0,18.2,6.1,83.1,0.0,64.6,46.7,1.6,3.8,14.2,32.2,11.5,0.0,13.7,0.0,15.0,13.0,5.8,0.0,20.9,7.6,35.0,0.0,27.9,27.9,28.9,28.8,47.0,67.2,79.3,9.2,16.3,2.2,0.0,0.0,0.0,39.4,3.03,5.0,31.1,66.2,17.7,0.0,0.0,16.3,7.8,0.3,0.0,36.2,high,69.21497249657952,67.82757695848764,55.13036282165047,75.29672450456569,119.37182280319536,72.9051569871482,100.0,147.56633631713555,122.74369304413746,510,260404,24
2343,"Census Tract 2701.02, Baltimore city, Maryland",31.7,31.5,5.2,108.0,0.0,16.2,13.1,8.1,95.9,0.4,94.6,6.1,9.1,9.4,38.0,20.1,9.6,5.0,8.2,0.0,4.7,5.5,15.7,3.8,31.8,1.5,21.9,4.3,59.6,59.6,15.5,6.8,0.0,20.3,79.1,6.2,0.0,0.0,0.0,0.6,0.0,82.7,3.01,0.0,34.0,9.2,33.8,36.1,1.5,6.9,17.0,1.2,0.0,22.2,low,83.15427594064204,85.00230623077259,85.92194269668431,86.73683458122622,97.67610748002906,119.94387506100537,100.0,118.68606138107418,108.61492262179071,510,270102,24
2344,"Census Tract 2705.01, Baltimore city, Maryland",13.0,44.2,6.2,0.0,0.0,20.5,8.0,7.5,94.7,0.0,89.0,10.6,12.7,3.7,41.0,19.3,11.2,8.6,13.2,0.0,6.0,2.9,17.2,4.3,28.4,1.2,7.2,5.9,82.2,82.2,2.5,9.0,0.0,55.4,90.1,2.9,0.0,0.0,1.3,0.0,0.0,84.1,2.69,1.9,30.8,3.4,27.6,41.6,0.0,6.8,21.9,0.0,0.7,54.1,low,131.1302935045695,107.08551874474952,127.42068719111069,103.72366469505549,94.22657952069717,133.70261916381975,100.0,98.90505115089515,100.66748925922064,510,270501,24
2345,"Census Tract 2708.01, Baltimore city, Maryland",28.7,41.3,8.3,11.0,0.0,36.1,6.4,9.5,88.3,0.0,91.8,5.9,4.1,10.3,37.9,20.1,8.4,4.8,5.8,0.5,5.7,6.0,16.4,3.7,26.1,4.4,20.5,6.3,64.4,64.4,9.9,14.0,41.2,26.7,90.1,0.0,9.9,0.3,0.0,0.0,0.0,71.9,2.65,2.8,27.2,13.6,44.5,26.6,1.0,3.3,13.3,1.9,0.3,16.9,low,92.86448366391909,97.76674445451748,107.77505307956787,89.51019459981059,104.6659404502542,135.41841548722954,100.0,106.0262148337596,102.433585562014,510,270801,24
2346,"Census Tract 2717, Baltimore city, Maryland",31.0,47.1,9.8,0.0,0.0,19.7,17.1,6.2,89.6,0.4,95.0,3.3,0.0,18.7,25.6,24.4,11.7,4.4,7.2,0.8,18.2,14.5,11.4,1.4,49.2,7.0,34.4,1.0,50.6,50.6,6.3,13.6,0.0,15.9,69.9,1.9,8.4,11.0,0.8,2.7,8.3,48.5,3.05,1.1,28.5,35.1,27.9,20.0,0.0,5.1,32.9,0.0,0.0,4.7,high,77.86578182764372,74.28422717491466,111.32149036795138,69.12599846321545,88.59840232389253,155.81373027493086,100.0,100.48753196930946,101.55053741061732,510,271700,24
2347,"Census Tract 2802, Baltimore city, Maryland",21.5,41.3,9.5,118.0,0.0,11.3,9.5,9.2,83.2,0.3,93.4,4.3,1.0,13.6,31.2,30.0,6.9,3.7,10.6,0.0,13.6,2.7,17.4,3.2,44.8,8.7,19.4,5.3,57.1,57.1,7.3,14.1,0.0,36.5,81.1,1.6,29.5,4.2,0.0,0.7,1.2,80.4,3.18,3.1,30.0,7.3,20.4,35.1,0.5,2.6,30.5,1.5,0.0,8.5,high,81.84843995451872,108.72697270385963,96.12473517621109,114.05443076428227,81.42701525054467,160.57263705872785,100.0,116.70796035805628,113.32451276257297,510,280200,24
2348,"Census Tract 2803.01, Baltimore city, Maryland",19.3,60.1,11.1,93.0,0.0,20.7,5.5,4.5,75.3,0.5,90.0,4.8,2.6,3.5,37.4,19.8,16.5,7.1,15.8,0.0,19.6,8.7,10.8,1.8,24.6,6.7,28.5,3.2,49.7,49.7,6.3,12.1,9.3,22.8,86.5,23.1,6.8,21.6,0.7,1.5,5.0,13.2,1.85,7.6,19.7,3.6,11.2,6.8,0.0,11.8,15.1,2.4,0.0,14.7,low,93.93521252021976,83.85904446481442,82.05207394641378,118.42247279355267,93.95424836601308,124.60566129819424,100.0,80.70652173913044,89.48221267486281,510,280301,24
2349,"Census Tract 1608.01, Baltimore city, Maryland",37.2,33.6,2.6,0.0,0.0,0.0,8.1,5.8,86.5,0.0,97.3,0.2,0.2,13.6,27.2,28.7,12.1,8.8,7.8,0.0,7.9,16.3,11.9,1.1,34.6,4.8,17.5,0.0,63.7,63.7,1.2,5.7,30.6,13.1,84.4,7.6,22.1,0.0,0.0,0.0,0.0,65.9,2.38,4.7,27.0,27.6,60.1,11.1,0.0,5.4,23.4,0.7,0.0,1.0,low,75.9027789244258,51.325704871376,107.70267680837637,78.20875252407927,89.50617283950618,95.17813567593947,100.0,98.11381074168798,92.13135712905282,510,160801,24
2350,"Census Tract 1608.02, Baltimore city, Maryland",44.1,23.9,7.9,31.0,19.8,15.9,10.2,7.5,84.5,0.5,96.7,0.9,0.1,10.8,23.0,34.2,15.3,9.3,10.3,0.0,4.9,9.7,11.6,0.8,37.3,6.6,36.4,0.6,49.1,49.1,8.9,13.8,44.4,27.1,81.8,3.8,3.6,1.0,0.0,0.6,1.1,64.6,2.76,0.0,20.4,49.3,38.5,5.2,0.7,8.6,16.5,0.0,0.0,1.3,high,76.92535330835317,62.94688132916271,81.30117013280197,80.08077053662373,121.64124909222949,110.52318204001952,100.0,128.1809462915601,106.26012755139958,510,160802,24
2351,"Census Tract 603, Baltimore city, Maryland",17.9,60.7,14.2,26.0,0.0,29.6,8.1,7.0,84.0,0.8,89.3,12.2,8.6,5.2,57.5,14.8,7.4,4.1,17.2,0.0,4.0,8.9,10.5,7.2,13.9,4.8,21.1,10.8,61.1,61.1,9.8,16.9,11.1,42.1,82.0,5.9,15.5,0.0,0.0,1.0,0.7,51.5,2.15,7.3,17.5,1.8,22.0,16.8,9.3,10.0,9.1,0.0,4.0,54.5,high,130.26351300184987,128.85909786377945,121.6328472542654,115.44111077357447,131.26361655773422,60.37660647470311,100.0,96.92695012787725,112.1471152273774,510,060300,24
2352,"Census Tract 801.01, Baltimore city, Maryland",35.4,28.8,8.9,16.0,11.3,8.9,9.9,5.3,84.0,0.2,96.2,2.9,8.8,8.2,40.2,22.4,3.5,14.0,6.2,0.0,5.6,7.2,9.0,7.3,22.2,1.9,27.3,6.5,56.4,56.4,4.0,7.8,0.0,8.5,88.5,4.6,0.0,0.0,0.0,0.0,0.0,64.7,2.75,0.7,31.3,23.1,25.1,19.7,0.0,4.0,12.0,1.3,0.7,36.9,high,118.57897191126709,119.52841459681869,137.58955329351645,102.68365468808636,106.57225853304286,128.71709777127055,100.0,121.05978260869566,103.31663371341067,510,080101,24
2353,"Census Tract 803.02, Baltimore city, Maryland",39.6,41.4,4.0,0.0,0.0,0.0,11.0,6.4,83.2,0.0,99.5,3.6,0.0,12.0,18.0,34.6,7.4,1.6,17.8,0.0,15.4,10.8,5.6,0.9,46.4,3.2,28.5,1.6,48.3,48.3,6.4,31.2,0.0,46.2,81.7,3.3,4.6,5.9,0.0,0.0,5.3,62.5,2.26,3.0,27.9,59.7,13.3,10.8,0.0,3.1,29.6,0.0,0.0,0.0,low,68.54364249937512,71.55310184512568,101.26571218928233,63.925948428369765,92.13870733478578,87.89409468033188,100.0,98.90505115089515,100.07879049162287,510,080302,24
2354,"Census Tract 805, Baltimore city, Maryland",42.1,37.4,4.6,27.0,0.0,0.0,14.6,3.2,82.2,0.0,96.7,1.8,0.0,17.8,13.3,23.9,20.9,1.1,3.1,0.0,16.1,19.0,7.6,2.5,41.4,17.6,52.4,1.8,38.5,38.5,5.7,27.6,100.0,46.4,68.8,4.0,17.6,1.6,0.7,0.0,0.7,50.3,2.53,3.6,15.6,57.0,10.9,0.0,0.0,6.0,20.1,0.0,0.0,0.3,high,62.317552483108216,57.99473183946539,63.87432108497359,54.28852236378907,101.57952069716775,47.880429477794046,100.0,111.16927749360615,108.32057323799182,510,080500,24
2355,"Census Tract 1205, Baltimore city, Maryland",13.2,68.3,22.9,13.0,0.0,0.0,5.7,8.2,77.1,0.4,94.1,8.3,7.7,7.5,52.1,25.1,8.9,2.7,6.8,0.0,10.2,10.6,13.3,8.4,16.3,2.5,24.9,14.4,59.8,59.8,5.7,12.7,0.0,29.5,78.7,0.0,9.3,22.9,2.0,3.7,12.0,28.4,2.23,5.5,18.2,10.1,7.5,8.6,1.5,2.8,9.1,0.9,1.8,38.5,high,86.93298571393596,89.146630132371,101.7180638842292,121.33450081306624,92.50181554103123,73.64974784447699,100.0,91.38826726342711,102.13923617821511,510,120500,24
2356,"Census Tract 1303, Baltimore city, Maryland",22.2,43.7,4.6,0.0,0.0,18.6,12.6,3.4,87.3,0.0,95.1,4.5,0.3,12.2,36.9,24.4,5.4,6.5,12.8,0.0,18.9,14.5,15.1,3.1,29.3,3.2,40.1,5.1,37.4,37.4,4.2,26.7,12.1,63.9,59.4,8.4,5.9,5.5,0.0,1.6,1.7,44.5,2.9,0.0,24.2,33.1,13.4,14.2,0.0,6.5,12.9,0.0,0.0,4.8,high,101.16404860826032,89.31732546548281,106.84547034645205,85.76615857472169,86.60130718954248,79.21799251667481,100.0,120.26854219948851,128.63068072011527,510,130300,24
2357,"Census Tract 1308.03, Baltimore city, Maryland",9.7,60.6,15.9,0.0,0.0,0.0,8.9,0.0,77.8,2.3,80.4,22.5,14.5,3.5,53.1,19.2,9.3,4.3,14.3,0.7,7.2,9.6,9.3,6.3,19.4,3.5,10.7,6.5,68.4,68.4,6.3,9.8,0.0,69.4,91.1,0.0,4.7,0.9,0.0,2.8,4.1,57.0,2.0,9.0,22.7,3.2,10.2,43.5,0.8,3.5,14.9,1.2,1.3,72.1,low,133.86943319780428,114.21105648744027,141.85975329381495,104.27833669877235,108.93246187363836,79.54172767203515,100.0,83.08024296675192,86.8330682206728,510,130803,24
2358,"Census Tract 1401, Baltimore city, Maryland",7.2,71.3,14.7,0.0,0.0,0.0,8.2,1.8,80.5,0.6,85.7,15.8,7.1,8.7,64.8,17.1,4.6,2.3,17.6,0.0,16.7,10.2,14.9,8.2,35.4,2.1,20.7,26.7,68.5,68.5,8.8,7.3,0.0,,84.5,5.1,9.5,36.7,0.6,12.2,7.7,31.8,2.66,8.2,19.6,0.0,0.0,10.4,19.2,3.1,29.6,0.5,1.2,55.4,high,122.33502075638536,134.72029924376992,163.97748941824244,160.02287307231825,77.52360203340596,144.22401171303073,100.0,69.62915601023019,80.65173116089609,510,140100,24
2359,"Census Tract 1505, Baltimore city, Maryland",29.0,53.1,8.7,0.0,19.0,57.1,17.6,4.2,92.4,0.3,97.7,2.7,0.0,13.3,35.2,31.6,10.8,4.2,11.8,0.0,11.2,23.0,9.9,0.0,35.1,6.0,23.9,0.0,47.4,47.4,8.4,18.3,0.0,52.7,83.0,6.0,5.2,14.8,0.0,4.8,0.0,44.5,2.72,2.8,25.4,34.5,47.3,13.1,0.0,3.3,24.5,0.0,0.0,5.9,high,86.79985276090387,64.3997764900679,95.9867679092523,93.94757062954558,85.23965141612202,46.488368309744594,100.0,91.78388746803068,99.78444110782398,510,150500,24
2360,"Census Tract 104, Baltimore city, Maryland",0.7,66.1,13.5,0.0,,,2.9,2.6,85.2,0.0,90.3,12.7,19.1,4.3,74.1,6.7,4.5,10.2,26.5,0.0,6.4,2.1,8.4,21.0,11.9,1.4,4.5,34.6,87.1,87.1,6.7,2.1,14.7,100.0,78.1,0.0,15.2,35.2,0.5,4.3,2.1,57.1,1.83,4.6,31.5,2.7,3.2,5.7,30.3,6.1,11.6,0.0,0.9,86.8,low,206.67899542625037,189.23562504899104,161.56419312570085,165.77759511088078,159.40450254175747,80.22157149829185,100.0,70.42039641943735,76.23649040391271,510,010400,24
2361,"Census Tract 202, Baltimore city, Maryland",4.3,64.0,27.5,0.0,100.0,0.0,3.6,1.4,78.7,1.2,77.7,23.0,12.2,2.2,68.3,10.0,3.0,5.8,18.8,0.3,4.1,2.4,8.3,10.1,13.1,1.7,4.7,22.3,82.5,82.5,7.1,6.9,0.0,,79.8,7.1,3.2,0.0,0.0,3.7,9.3,51.6,2.5,5.9,18.8,2.0,6.4,12.5,3.1,6.3,6.8,0.3,1.6,79.2,low,142.57406223328573,135.21650660746704,133.39851483983364,137.14265291899716,112.65432098765433,59.40540100862209,100.0,95.34446930946294,90.65961021005837,510,020200,24
2362,"Census Tract 301, Baltimore city, Maryland",33.7,47.2,5.4,0.0,0.0,21.6,13.8,2.3,94.7,0.0,90.9,12.4,0.7,21.4,51.9,20.5,6.3,6.2,19.5,0.0,21.7,20.7,11.6,0.0,21.1,10.6,57.6,0.0,32.1,32.1,11.2,40.3,0.0,39.3,76.2,0.0,13.7,18.8,4.0,2.3,6.7,21.5,2.94,3.5,22.7,9.3,9.7,19.4,0.0,2.0,10.1,0.0,0.4,21.3,high,73.18630015936668,106.75405222579985,92.87458824801779,104.97167670341845,,87.27899788514722,100.0,97.71819053708441,104.19968186480735,510,030100,24
2363,"Census Tract 302, Baltimore city, Maryland",12.7,69.4,16.1,0.0,,,9.6,1.0,69.6,5.8,83.3,16.0,8.2,3.0,76.0,9.9,1.5,13.3,22.5,0.0,10.3,5.5,6.5,18.7,17.0,1.1,14.2,24.2,69.9,69.9,5.2,11.3,0.0,0.0,85.5,0.0,6.9,45.6,0.0,6.8,2.2,32.5,1.83,6.5,25.6,0.0,0.0,8.5,18.6,8.6,13.8,0.0,1.0,56.7,high,165.44460399458646,132.91211961045758,141.4548985268375,193.71919729811836,171.11474219317358,75.33317065235074,100.0,72.79411764705883,81.82912869609163,510,030200,24
2364,"Census Tract 701, Baltimore city, Maryland",50.3,29.5,7.0,35.0,4.4,23.5,22.4,4.1,80.1,1.3,88.0,12.9,0.6,15.2,19.6,36.4,9.8,1.9,12.0,0.0,15.5,15.0,9.9,0.9,30.6,14.7,48.7,0.0,28.3,28.3,11.5,30.9,31.6,40.8,66.6,0.0,13.6,0.0,0.0,0.0,0.0,40.7,2.81,0.5,17.0,60.7,5.6,1.0,0.0,13.5,12.9,0.2,0.4,7.7,high,81.9192553550677,62.5340368025667,80.60907203953325,75.50472650595951,103.5766158315178,83.03806734992679,100.0,135.30210997442455,120.38889797374632,510,070100,24
2365,"Census Tract 808, Baltimore city, Maryland",65.6,15.5,1.6,32.0,0.0,55.0,19.7,6.6,82.9,0.3,97.2,2.0,0.3,16.4,34.9,38.5,8.0,0.0,10.2,0.0,26.8,4.6,12.4,1.3,8.5,11.8,54.7,1.5,39.7,39.7,6.2,35.6,100.0,51.1,58.8,0.0,11.1,0.6,2.6,0.0,0.0,23.5,3.11,3.5,29.2,26.9,16.7,24.1,0.0,9.2,3.3,0.5,0.0,5.6,low,107.75271347533804,77.70210349606047,117.48478221160255,92.63022462071801,116.01307189542484,50.04945501870831,100.0,133.32400895140665,110.08666954078517,510,080800,24
2366,"Census Tract 801.02, Baltimore city, Maryland",44.5,33.5,9.5,64.0,20.4,12.9,20.2,2.6,88.3,0.0,96.4,1.9,0.3,17.2,15.6,41.0,2.1,5.7,9.9,0.0,12.0,18.6,8.8,0.0,29.6,5.1,33.9,0.0,35.1,35.1,7.1,28.8,41.2,45.1,75.6,6.3,5.0,0.0,0.0,0.0,0.0,45.2,2.59,4.0,31.0,61.3,6.7,3.4,0.0,3.5,10.6,0.3,0.0,3.2,high,86.06053997917245,72.4462750997805,80.97095339549075,71.89935848179982,116.10384894698622,68.14625020335123,100.0,114.72985933503837,101.25618802681844,510,080102,24
2367,"Census Tract 802, Baltimore city, Maryland",26.0,49.1,3.8,43.0,20.5,0.0,17.5,3.4,90.8,0.0,98.7,2.4,0.9,17.6,28.0,28.4,7.8,1.6,2.5,0.0,29.2,6.7,14.2,0.0,54.6,1.6,47.1,0.0,44.8,44.8,3.6,17.4,,54.4,66.7,0.0,4.2,9.7,0.7,0.0,5.8,41.4,3.08,1.0,25.4,31.4,9.5,2.4,0.0,6.3,25.3,0.0,0.0,4.5,high,79.60784068114879,105.85690931223543,90.6060444978592,83.6168045603188,56.55410312273058,41.24385879290711,100.0,99.30067135549872,111.2640670759807,510,080200,24
2368,"Census Tract 806, Baltimore city, Maryland",31.9,41.2,12.5,61.0,9.2,0.0,15.4,3.6,88.7,0.0,100.0,3.2,2.4,15.3,28.7,33.8,3.8,8.1,18.1,0.0,18.9,13.0,11.7,0.0,35.1,7.5,45.8,0.0,36.1,36.1,4.8,29.6,42.9,53.8,56.1,8.0,9.2,2.3,0.0,0.7,1.2,49.8,2.29,2.0,24.6,24.0,8.4,3.1,0.0,9.3,18.1,1.0,0.0,9.2,high,89.85341283257617,70.02081350602894,86.93747225184005,70.09667446971999,86.60130718954248,68.5994794208557,100.0,106.81745524296677,98.01834480503064,510,080600,24
2369,"Census Tract 904, Baltimore city, Maryland",33.4,35.4,6.8,208.0,0.0,0.0,19.2,4.4,75.4,0.0,89.0,13.7,1.6,8.7,20.5,38.7,23.6,1.3,7.5,0.0,18.1,18.7,7.1,0.0,20.0,5.8,49.6,0.0,42.0,42.0,14.5,27.7,0.0,40.4,80.5,21.2,9.2,0.6,0.0,0.0,7.7,22.0,2.5,4.6,20.8,39.3,40.7,2.1,0.0,7.3,11.1,4.1,0.0,15.4,low,57.84768440045618,60.221710487738086,71.68869661518086,74.11804649666732,83.33333333333334,57.75435171628437,100.0,107.21307544757033,98.60704357262841,510,090400,24
2370,"Census Tract 907, Baltimore city, Maryland",25.3,49.2,14.6,0.0,14.3,0.0,19.5,2.0,73.3,0.0,98.7,1.3,0.4,17.9,16.7,23.1,8.3,0.0,3.5,0.0,13.6,27.4,0.0,0.0,53.7,7.8,36.0,0.0,47.0,47.0,10.6,18.4,100.0,41.7,73.7,9.5,5.1,0.0,0.0,0.4,0.0,44.2,1.94,12.7,19.4,40.4,21.9,0.0,0.0,5.4,22.6,1.4,0.0,3.3,high,62.071114889197744,85.00230623077259,65.45981377576237,55.74453637354586,90.68627450980394,98.1564991052546,100.0,109.58679667519182,108.9092720055896,510,090700,24
2371,"Census Tract 1203, Baltimore city, Maryland",16.1,55.0,20.3,32.0,0.0,23.7,6.8,3.9,74.6,1.3,91.2,6.2,10.0,8.9,57.2,16.2,12.3,6.9,17.9,0.3,12.4,12.6,10.7,5.2,14.2,4.9,20.1,11.6,67.7,67.7,5.3,21.0,35.2,40.2,85.4,7.2,5.9,6.9,0.0,3.5,8.4,39.0,2.83,8.5,19.8,11.9,15.6,12.9,2.0,5.9,9.2,0.8,1.2,41.2,high,113.90798809105596,100.4224462650245,110.95056197809494,117.45179678704814,97.8576615831518,136.6162355620628,100.0,100.88315217391303,96.54659788603618,510,120300,24
2372,"Census Tract 1206, Baltimore city, Maryland",8.1,79.3,11.4,32.0,,,9.7,4.9,74.4,0.0,81.6,18.3,5.1,6.5,49.3,15.1,6.1,4.6,14.1,0.0,26.1,13.1,6.0,0.8,28.8,15.0,32.8,3.7,52.3,52.3,10.0,29.1,30.3,63.8,81.9,0.0,11.2,37.6,0.4,9.0,16.5,10.4,1.8,7.1,29.7,10.3,0.0,18.2,4.8,4.3,21.9,0.0,0.0,46.3,high,93.2412215948397,83.97416457319216,115.13029163940406,153.852147030968,74.07407407407408,87.11713030746706,100.0,60.134271099744254,79.17998424190162,510,120600,24
2373,"Census Tract 1402, Baltimore city, Maryland",51.4,29.9,1.9,122.0,0.0,29.5,26.9,6.2,92.7,0.0,94.3,7.1,1.7,6.6,27.5,19.0,19.9,4.6,13.1,0.0,19.3,17.5,10.0,0.0,28.0,11.5,49.6,0.0,31.5,31.5,7.1,43.8,49.2,65.0,56.6,0.0,17.6,4.3,0.0,0.0,2.8,22.4,3.77,6.1,33.5,41.1,18.9,8.6,0.0,13.1,10.3,0.0,0.2,5.5,high,92.1931536667147,87.78702195584087,80.61133379800798,78.62475652686692,76.3435003631082,79.86546282739549,100.0,122.2466432225064,114.50191029776853,510,140200,24
2374,"Census Tract 1502, Baltimore city, Maryland",39.8,35.1,8.8,22.0,9.2,12.6,22.1,3.4,88.5,0.0,98.8,6.7,0.0,14.6,17.5,45.2,8.8,0.0,8.9,0.0,18.2,11.5,4.5,0.8,38.6,3.2,45.1,0.0,24.2,24.2,14.2,29.5,48.3,30.6,52.9,20.0,9.4,0.0,0.0,0.4,0.4,45.0,3.65,0.0,22.9,55.7,3.2,7.2,1.7,8.4,14.9,0.0,0.0,0.0,high,77.11513858182445,61.176413455491364,83.28473231514401,61.29125641071461,97.58533042846769,89.09191475516512,100.0,140.8407928388747,131.2798251743053,510,150200,24
2375,"Census Tract 1506, Baltimore city, Maryland",36.5,41.6,10.7,69.0,0.0,0.0,18.5,3.9,84.3,0.0,99.4,0.7,0.0,23.9,21.8,31.6,7.6,6.0,14.7,2.3,17.1,19.2,13.5,1.1,28.3,11.2,35.4,1.9,39.9,39.9,9.7,34.8,50.0,56.5,64.0,1.9,4.4,9.0,0.0,1.8,0.6,33.7,3.6,4.8,18.2,50.7,15.3,2.4,0.0,7.7,13.9,0.9,0.0,4.2,high,64.41652095538018,86.92759080191746,78.26815201818317,61.77659441396687,93.40958605664488,101.29673011224989,100.0,123.03788363171356,119.21150043855077,510,150600,24
2376,"Census Tract 1605, Baltimore city, Maryland",37.3,36.3,6.0,11.0,0.0,11.9,17.0,11.3,89.4,0.0,97.0,2.1,0.0,11.7,21.4,34.1,16.5,2.5,5.3,0.0,10.0,12.7,11.6,0.3,38.2,11.2,39.5,0.5,42.1,42.1,9.0,19.4,3.1,23.7,76.8,0.0,3.0,0.0,0.0,1.8,0.0,56.7,2.54,1.1,24.7,71.7,7.5,0.8,0.6,5.9,17.3,0.0,0.0,0.0,high,80.85702434683292,64.50695728062648,71.0802835854773,70.02734046925538,89.96005809731301,140.46868391085084,100.0,116.31234015345268,110.96971769218183,510,160500,24
2377,"Census Tract 1510, Baltimore city, Maryland",34.0,44.3,6.3,56.0,18.3,28.0,12.9,6.4,81.0,0.0,90.9,8.6,0.9,15.8,29.8,22.7,10.6,3.9,8.3,0.0,17.1,7.1,10.7,3.0,42.8,14.9,38.6,4.0,44.6,44.6,8.1,21.5,100.0,58.4,75.1,12.9,6.1,0.3,0.0,0.6,3.1,49.0,3.27,11.1,22.3,14.9,13.4,33.1,0.6,4.1,24.2,0.3,0.0,4.2,high,82.29316066996635,90.48837484380803,84.94486303559906,91.72888261467808,87.5998547567175,160.5402635431918,100.0,108.79555626598467,113.03016337877405,510,151000,24
2378,"Census Tract 1512, Baltimore city, Maryland",33.1,53.9,6.1,0.0,4.8,11.4,12.1,3.8,90.0,0.6,94.9,2.5,0.0,15.5,31.2,31.6,10.7,0.7,6.8,0.0,23.1,25.3,4.9,0.0,38.8,14.2,51.5,0.0,30.7,30.7,13.8,32.1,8.5,53.9,79.3,8.3,0.0,27.5,0.0,4.5,3.3,31.4,2.67,3.1,19.8,64.0,11.7,8.2,6.4,5.0,26.9,0.6,0.0,6.0,high,63.583731844924095,67.6310788424636,56.2567185420682,76.96074051571631,45.660856935366745,141.7636245322922,100.0,104.04811381074168,123.33239181173525,510,151200,24
2379,"Census Tract 1601, Baltimore city, Maryland",31.0,61.6,5.4,52.0,0.0,62.5,21.8,4.8,90.7,0.0,97.3,0.1,0.7,9.7,27.2,37.0,12.5,0.0,10.3,0.0,23.2,8.9,0.9,0.0,39.7,4.6,34.7,0.0,36.1,36.1,6.7,29.2,0.0,35.2,56.2,28.7,8.8,15.1,0.0,2.6,6.0,26.4,2.99,2.2,14.4,49.0,17.7,0.0,7.4,2.3,20.9,0.6,0.0,2.8,high,60.05995751360652,,77.1576286070886,71.96869248226444,64.27015250544663,66.94843012851798,100.0,89.01454603580564,115.97365721676299,510,160100,24
2380,"Census Tract 2102, Baltimore city, Maryland",25.0,47.0,13.5,24.0,0.0,5.0,18.9,4.7,82.0,0.5,88.0,12.9,9.8,11.7,44.8,22.0,8.0,9.2,16.9,0.0,18.6,6.1,5.2,4.9,25.4,9.7,42.1,6.5,48.5,48.5,13.7,24.3,65.3,52.3,77.4,0.0,7.3,6.1,0.6,0.8,4.2,50.7,2.56,3.1,19.1,16.1,34.0,15.2,0.0,8.6,14.0,5.2,0.5,43.3,high,86.76586136864034,100.59512642759113,89.90489937069154,91.59021461374887,107.11692084241105,113.08068976736621,100.0,103.25687340153453,99.49009172402509,510,210200,24
2381,"Census Tract 2403, Baltimore city, Maryland",2.7,61.1,18.4,0.0,,,0.0,3.7,75.5,0.0,87.6,11.1,18.8,0.5,74.9,7.8,7.7,14.8,19.7,0.0,3.9,4.6,16.1,19.8,12.5,0.8,2.2,38.0,94.0,94.0,2.1,0.0,0.0,0.0,92.0,5.0,3.9,21.6,0.0,2.8,2.7,48.1,2.06,8.6,26.3,0.0,8.0,8.0,20.2,4.1,11.5,1.9,0.3,83.2,low,168.829580140828,176.68554840636332,135.84799926797098,168.6896231303944,164.2156862745098,67.49877989263055,100.0,79.12404092071613,77.70823732290717,510,240300,24
2382,"Census Tract 2602.03, Baltimore city, Maryland",34.1,35.6,12.7,71.0,0.0,51.1,4.2,10.1,89.1,0.0,95.2,3.5,0.9,10.3,29.4,20.7,13.3,13.0,3.8,0.0,7.0,8.7,14.3,2.1,27.4,8.1,35.1,3.3,45.2,45.2,11.6,23.5,76.4,63.5,93.9,3.0,2.7,0.5,0.0,0.9,2.3,46.8,2.61,2.2,19.8,11.8,50.6,27.8,0.0,6.6,11.7,0.0,0.0,2.7,high,87.50234153434981,87.88030894021594,90.71234714617171,92.63022462071801,96.58678286129268,101.23198308117782,100.0,119.8729219948849,104.78838063240512,510,260203,24
2383,"Census Tract 1202.01, Baltimore city, Maryland",4.7,57.1,27.9,15.0,0.0,0.0,0.7,3.1,82.0,1.6,90.2,7.5,15.7,4.4,67.6,12.5,7.2,3.0,11.7,0.0,4.9,2.3,15.9,14.6,14.6,1.1,4.6,31.5,86.0,86.0,4.9,1.1,0.0,0.0,85.4,2.5,17.7,11.8,0.0,0.8,5.9,58.1,2.26,5.3,21.6,3.1,14.7,7.8,2.7,6.1,11.7,2.7,1.3,76.3,high,104.60850969096302,134.33127267063136,132.8783103906447,120.22515680563251,128.63108206245462,71.77208394338702,100.0,104.04811381074168,90.95395959385725,510,120201,24
2384,"Census Tract 1202.02, Baltimore city, Maryland",1.9,86.8,34.1,0.0,,,3.2,3.9,70.3,3.4,78.1,30.1,10.3,7.1,71.6,11.6,8.3,1.7,13.3,0.3,15.0,11.8,7.1,5.9,5.3,0.0,5.4,23.5,93.5,93.5,3.3,0.0,0.0,,83.1,0.0,12.3,47.8,0.0,14.0,22.6,19.1,2.15,13.7,12.6,0.0,25.9,4.5,0.0,0.6,4.3,2.1,3.2,62.2,low,35.09611251207777,100.9067446519929,109.82194449920249,124.80120083629672,93.68191721132898,193.4317553278022,100.0,72.79411764705883,77.41388793910828,510,120202,24
2385,"Census Tract 2720.04, Baltimore city, Maryland",5.8,50.8,6.2,69.0,0.0,0.0,4.5,3.7,73.8,2.2,85.1,14.7,3.3,2.5,53.6,11.0,8.0,8.3,8.4,2.5,7.6,13.8,8.2,3.7,36.2,1.4,4.1,7.5,68.0,68.0,1.6,9.6,13.8,0.0,96.1,0.0,4.3,49.9,0.0,1.8,0.8,36.9,2.14,7.5,22.6,7.2,42.9,15.9,0.0,11.4,27.0,0.0,0.0,71.7,low,97.79323554212856,81.49312775470652,101.0734627189299,118.006468790765,111.56499636891795,126.1919635594599,100.0,83.87148337595909,88.30481513966724,510,272004,24
2386,"Census Tract 2720.05, Baltimore city, Maryland",6.5,46.8,4.4,0.0,,,6.2,6.4,87.7,0.0,84.8,30.0,1.1,8.1,57.4,11.3,10.7,7.5,15.4,0.0,7.3,10.4,8.6,12.3,39.1,4.3,9.8,19.7,67.8,67.8,4.9,10.5,0.0,0.0,92.3,0.0,10.0,27.8,0.0,1.5,0.0,55.9,3.23,2.3,30.6,20.9,4.7,6.6,12.4,7.9,22.4,0.0,0.0,87.9,low,86.70071120013529,126.82464767262123,,114.05443076428227,115.01452432824983,109.90808524483488,100.0,107.21307544757033,117.44540413575744,510,272005,24
2387,"Census Tract 2720.06, Baltimore city, Maryland",14.0,53.1,2.9,0.0,0.0,0.0,4.4,5.9,79.3,2.4,87.1,12.0,0.0,7.3,37.0,18.7,13.7,2.7,12.8,0.0,14.5,16.2,8.6,2.0,45.6,3.8,23.9,2.2,49.8,49.8,5.3,8.7,30.4,0.0,86.5,4.7,6.1,44.0,0.4,5.7,5.9,32.4,2.99,4.2,25.5,25.5,12.8,25.0,0.8,10.4,31.2,0.0,0.4,49.3,low,77.81479473924846,106.83543023344617,97.62201928648524,97.69160665463448,84.42265795206973,114.40800390434359,100.0,85.84958439897699,98.9013929564273,510,272006,24
2388,"Census Tract 2720.07, Baltimore city, Maryland",15.8,45.6,8.5,53.0,19.6,0.0,5.4,3.3,88.0,1.0,79.9,18.4,3.6,10.3,27.9,21.8,18.2,6.7,9.4,0.0,7.2,18.4,10.9,3.9,29.0,5.7,18.0,1.1,57.4,57.4,8.2,22.8,38.0,27.5,89.2,0.0,3.9,12.4,0.0,1.1,2.5,31.1,3.26,4.7,16.6,6.0,45.5,35.1,0.0,9.0,17.5,0.6,0.0,48.0,low,87.52500246252549,121.26117071084906,85.61886706106989,90.4115366058505,106.75381263616559,150.05124450951683,100.0,103.25687340153453,104.49403124860623,510,272007,24
